-15.854 0.0 0.0 
-15.82 0.0 0.0 
-15.787 0.0 0.0 
-15.754 0.0 0.0 
-15.72 0.0 0.0 
-15.687 0.0 0.0 
-15.653 0.0 0.0 
-15.62 0.0 0.0 
-15.586 0.0 0.0 
-15.553 0.0 0.0 
-15.52 0.0 0.0 
-15.486 0.0 0.0 
-15.453 0.0 0.0 
-15.419 0.0 0.0 
-15.386 0.0 0.0 
-15.352 0.0 0.0 
-15.319 0.0 0.0 
-15.286 0.0 0.0 
-15.252 0.0 0.0 
-15.219 0.0 0.0 
-15.185 0.0 0.0 
-15.152 0.0 0.0 
-15.118 0.0 0.0 
-15.085 0.0 0.0 
-15.052 0.0 0.0 
-15.018 0.0 0.0 
-14.985 0.0 0.0 
-14.951 0.0 0.0 
-14.918 0.0 0.0 
-14.885 0.0 0.0 
-14.851 0.0 0.0 
-14.818 0.0 0.0 
-14.784 0.0 0.0 
-14.751 0.0 0.0 
-14.717 0.0 0.0 
-14.684 0.0 0.0 
-14.651 0.0 0.0 
-14.617 0.0 0.0 
-14.584 0.0 0.0 
-14.55 0.0 0.0 
-14.517 0.0 0.0 
-14.483 0.0 0.0 
-14.45 0.0 0.0 
-14.417 0.0 0.0 
-14.383 0.0 0.0 
-14.35 0.0 0.0 
-14.316 0.0 0.0 
-14.283 0.0 0.0 
-14.249 0.0 0.0 
-14.216 3.321e-15 1.11e-16 
-14.183 3.321e-15 2.22e-16 
-14.149 6.643e-15 4.441e-16 
-14.116 2.657e-14 1.332e-15 
-14.082 5.978e-14 3.331e-15 
-14.049 1.528e-13 8.438e-15 
-14.015 3.919e-13 2.154e-14 
-13.982 9.499e-13 5.329e-14 
-13.949 2.325e-12 1.31e-13 
-13.915 5.566e-12 3.171e-13 
-13.882 1.317e-11 7.572e-13 
-13.848 3.07e-11 1.783e-12 
-13.815 7.06e-11 4.143e-12 
-13.781 1.601e-10 9.495e-12 
-13.748 3.581e-10 2.147e-11 
-13.715 7.898e-10 4.787e-11 
-13.681 1.718e-09 1.053e-10 
-13.648 3.685e-09 2.285e-10 
-13.614 7.797e-09 4.891e-10 
-13.581 1.627e-08 1.033e-09 
-13.547 3.347e-08 2.152e-09 
-13.514 6.792e-08 4.422e-09 
-13.481 1.359e-07 8.966e-09 
-13.447 2.683e-07 1.793e-08 
-13.414 5.223e-07 3.539e-08 
-13.38 1.003e-06 6.891e-08 
-13.347 1.898e-06 1.324e-07 
-13.313 3.545e-06 2.509e-07 
-13.28 6.529e-06 4.691e-07 
-13.247 1.186e-05 8.656e-07 
-13.213 2.125e-05 1.576e-06 
-13.18 3.755e-05 2.831e-06 
-13.146 6.546e-05 5.019e-06 
-13.113 0.0001125 8.781e-06 
-13.079 0.0001908 1.516e-05 
-13.046 0.0003192 2.583e-05 
-13.013 0.0005267 4.344e-05 
-12.979 0.0008573 7.21e-05 
-12.946 0.001377 0.0001181 
-12.912 0.002181 0.000191 
-12.879 0.003407 0.0003049 
-12.845 0.005253 0.0004805 
-12.812 0.007991 0.0007476 
-12.779 0.01199 0.001149 
-12.745 0.01776 0.001742 
-12.712 0.02596 0.00261 
-12.678 0.03743 0.003861 
-12.645 0.05328 0.005642 
-12.611 0.07485 0.008145 
-12.578 0.1038 0.01161 
-12.545 0.1421 0.01636 
-12.511 0.1921 0.02279 
-12.478 0.2563 0.03135 
-12.444 0.3379 0.04265 
-12.411 0.4398 0.05735 
-12.377 0.5657 0.07626 
-12.344 0.7188 0.1003 
-12.311 0.9026 0.1305 
-12.277 1.12 0.1679 
-12.244 1.375 0.2139 
-12.21 1.669 0.2697 
-12.177 2.003 0.3366 
-12.143 2.38 0.4162 
-12.11 2.799 0.5097 
-12.077 3.259 0.6187 
-12.043 3.758 0.7443 
-12.01 4.295 0.8879 
-11.976 4.865 1.05 
-11.943 5.465 1.233 
-11.909 6.091 1.437 
-11.876 6.736 1.662 
-11.843 7.397 1.909 
-11.809 8.066 2.179 
-11.776 8.74 2.471 
-11.742 9.411 2.786 
-11.709 10.07 3.122 
-11.675 10.72 3.481 
-11.642 11.35 3.86 
-11.609 11.96 4.26 
-11.575 12.53 4.679 
-11.542 13.06 5.116 
-11.508 13.56 5.569 
-11.475 14.01 6.037 
-11.441 14.41 6.519 
-11.408 14.75 7.012 
-11.375 15.05 7.515 
-11.341 15.29 8.026 
-11.308 15.49 8.544 
-11.274 15.64 9.066 
-11.241 15.75 9.593 
-11.207 15.83 10.12 
-11.174 15.9 10.65 
-11.141 15.96 11.19 
-11.107 16.02 11.72 
-11.074 16.1 12.26 
-11.04 16.21 12.8 
-11.007 16.36 13.35 
-10.973 16.55 13.9 
-10.94 16.79 14.46 
-10.907 17.09 15.04 
-10.873 17.45 15.62 
-10.84 17.86 16.22 
-10.806 18.33 16.83 
-10.773 18.83 17.46 
-10.739 19.37 18.11 
-10.706 19.93 18.77 
-10.673 20.51 19.46 
-10.639 21.09 20.16 
-10.606 21.66 20.89 
-10.572 22.2 21.63 
-10.539 22.72 22.39 
-10.505 23.2 23.16 
-10.472 23.64 23.95 
-10.439 24.02 24.76 
-10.405 24.35 25.57 
-10.372 24.62 26.39 
-10.338 24.82 27.22 
-10.305 24.97 28.06 
-10.271 25.06 28.9 
-10.238 25.08 29.73 
-10.205 25.05 30.57 
-10.171 24.97 31.41 
-10.138 24.85 32.24 
-10.104 24.69 33.06 
-10.071 24.5 33.88 
-10.037 24.29 34.69 
-10.004 24.07 35.5 
-9.971 23.86 36.3 
-9.937 23.65 37.09 
-9.904 23.47 37.87 
-9.87 23.31 38.65 
-9.837 23.19 39.42 
-9.803 23.11 40.2 
-9.77 23.06 40.97 
-9.737 23.06 41.74 
-9.703 23.08 42.51 
-9.67 23.13 43.28 
-9.636 23.2 44.06 
-9.603 23.27 44.84 
-9.569 23.35 45.62 
-9.536 23.41 46.4 
-9.503 23.45 47.18 
-9.469 23.47 47.97 
-9.436 23.45 48.75 
-9.402 23.4 49.53 
-9.369 23.32 50.31 
-9.335 23.21 51.09 
-9.302 23.06 51.86 
-9.269 22.89 52.63 
-9.235 22.7 53.39 
-9.202 22.49 54.14 
-9.168 22.27 54.88 
-9.135 22.04 55.62 
-9.101 21.81 56.35 
-9.068 21.57 57.07 
-9.035 21.34 57.78 
-9.001 21.11 58.49 
-8.968 20.89 59.19 
-8.934 20.68 59.88 
-8.901 20.49 60.56 
-8.868 20.32 61.24 
-8.834 20.18 61.92 
-8.801 20.08 62.59 
-8.767 20.02 63.26 
-8.734 20.0 63.92 
-8.7 20.04 64.59 
-8.667 20.13 65.27 
-8.634 20.28 65.95 
-8.6 20.49 66.63 
-8.567 20.76 67.32 
-8.533 21.08 68.03 
-8.5 21.45 68.75 
-8.466 21.86 69.48 
-8.433 22.31 70.22 
-8.4 22.78 70.98 
-8.366 23.27 71.76 
-8.333 23.76 72.56 
-8.299 24.25 73.37 
-8.266 24.72 74.19 
-8.232 25.15 75.03 
-8.199 25.55 75.89 
-8.166 25.89 76.75 
-8.132 26.17 77.63 
-8.099 26.39 78.51 
-8.065 26.52 79.4 
-8.032 26.58 80.29 
-7.998 26.56 81.17 
-7.965 26.46 82.06 
-7.932 26.28 82.94 
-7.898 26.02 83.81 
-7.865 25.7 84.67 
-7.831 25.33 85.51 
-7.798 24.9 86.34 
-7.764 24.44 87.16 
-7.731 23.96 87.96 
-7.698 23.46 88.75 
-7.664 22.96 89.51 
-7.631 22.46 90.26 
-7.597 21.98 91.0 
-7.564 21.52 91.72 
-7.53 21.09 92.42 
-7.497 20.69 93.12 
-7.464 20.32 93.79 
-7.43 19.99 94.46 
-7.397 19.7 95.12 
-7.363 19.45 95.77 
-7.33 19.24 96.42 
-7.296 19.07 97.05 
-7.263 18.94 97.69 
-7.23 18.85 98.32 
-7.196 18.81 98.94 
-7.163 18.8 99.57 
-7.129 18.82 100.2 
-7.096 18.88 100.8 
-7.062 18.96 101.5 
-7.029 19.06 102.1 
-6.996 19.18 102.7 
-6.962 19.3 103.4 
-6.929 19.43 104.0 
-6.895 19.55 104.7 
-6.862 19.65 105.4 
-6.828 19.74 106.0 
-6.795 19.81 106.7 
-6.762 19.86 107.3 
-6.728 19.88 108.0 
-6.695 19.88 108.7 
-6.661 19.86 109.3 
-6.628 19.83 110.0 
-6.594 19.78 110.7 
-6.561 19.72 111.3 
-6.528 19.66 112.0 
-6.494 19.6 112.6 
-6.461 19.56 113.3 
-6.427 19.52 113.9 
-6.394 19.5 114.6 
-6.36 19.5 115.2 
-6.327 19.52 115.9 
-6.294 19.57 116.5 
-6.26 19.63 117.2 
-6.227 19.7 117.9 
-6.193 19.8 118.5 
-6.16 19.9 119.2 
-6.126 20.0 119.9 
-6.093 20.1 120.5 
-6.06 20.2 121.2 
-6.026 20.29 121.9 
-5.993 20.36 122.6 
-5.959 20.42 123.2 
-5.926 20.46 123.9 
-5.892 20.48 124.6 
-5.859 20.49 125.3 
-5.826 20.48 126.0 
-5.792 20.47 126.7 
-5.759 20.46 127.3 
-5.725 20.45 128.0 
-5.692 20.47 128.7 
-5.658 20.5 129.4 
-5.625 20.57 130.1 
-5.592 20.67 130.8 
-5.558 20.81 131.5 
-5.525 21.0 132.2 
-5.491 21.23 132.9 
-5.458 21.51 133.6 
-5.424 21.83 134.3 
-5.391 22.19 135.1 
-5.358 22.59 135.8 
-5.324 23.01 136.6 
-5.291 23.45 137.4 
-5.257 23.9 138.2 
-5.224 24.34 139.0 
-5.19 24.78 139.8 
-5.157 25.2 140.7 
-5.124 25.58 141.5 
-5.09 25.93 142.4 
-5.057 26.23 143.3 
-5.023 26.48 144.2 
-4.99 26.68 145.0 
-4.956 26.83 145.9 
-4.923 26.92 146.8 
-4.89 26.97 147.7 
-4.856 26.98 148.6 
-4.823 26.95 149.5 
-4.789 26.92 150.4 
-4.756 26.87 151.3 
-4.722 26.83 152.2 
-4.689 26.8 153.1 
-4.656 26.8 154.0 
-4.622 26.83 154.9 
-4.589 26.9 155.8 
-4.555 27.01 156.7 
-4.522 27.17 157.6 
-4.488 27.36 158.6 
-4.455 27.59 159.5 
-4.422 27.87 160.4 
-4.388 28.17 161.3 
-4.355 28.5 162.3 
-4.321 28.86 163.3 
-4.288 29.24 164.2 
-4.254 29.62 165.2 
-4.221 30.02 166.2 
-4.188 30.41 167.3 
-4.154 30.79 168.3 
-4.121 31.15 169.3 
-4.087 31.49 170.4 
-4.054 31.78 171.4 
-4.02 32.03 172.5 
-3.987 32.22 173.6 
-3.954 32.34 174.7 
-3.92 32.38 175.8 
-3.887 32.34 176.8 
-3.853 32.21 177.9 
-3.82 32.0 179.0 
-3.786 31.69 180.0 
-3.753 31.3 181.1 
-3.72 30.83 182.1 
-3.686 30.28 183.1 
-3.653 29.67 184.1 
-3.619 29.0 185.1 
-3.586 28.27 186.0 
-3.552 27.51 187.0 
-3.519 26.71 187.8 
-3.486 25.88 188.7 
-3.452 25.03 189.5 
-3.419 24.15 190.4 
-3.385 23.26 191.1 
-3.352 22.34 191.9 
-3.318 21.4 192.6 
-3.285 20.44 193.3 
-3.252 19.45 193.9 
-3.218 18.43 194.5 
-3.185 17.39 195.1 
-3.151 16.32 195.7 
-3.118 15.23 196.2 
-3.084 14.12 196.7 
-3.051 13.0 197.1 
-3.018 11.88 197.5 
-2.984 10.78 197.8 
-2.951 9.687 198.2 
-2.917 8.631 198.5 
-2.884 7.617 198.7 
-2.85 6.657 198.9 
-2.817 5.758 199.1 
-2.784 4.928 199.3 
-2.75 4.173 199.4 
-2.717 3.494 199.5 
-2.683 2.892 199.6 
-2.65 2.367 199.7 
-2.617 1.914 199.8 
-2.583 1.53 199.8 
-2.55 1.209 199.9 
-2.516 0.9447 199.9 
-2.483 0.7309 199.9 
-2.449 0.5611 200.0 
-2.416 0.4295 200.0 
-2.383 0.3306 200.0 
-2.349 0.2597 200.0 
-2.316 0.2132 200.0 
-2.282 0.1884 200.0 
-2.249 0.1835 200.0 
-2.215 0.198 200.0 
-2.182 0.232 200.0 
-2.149 0.2869 200.0 
-2.115 0.3649 200.0 
-2.082 0.469 200.1 
-2.048 0.6027 200.1 
-2.015 0.7705 200.1 
-1.981 0.9769 200.1 
-1.948 1.227 200.2 
-1.915 1.526 200.2 
-1.881 1.878 200.3 
-1.848 2.288 200.4 
-1.814 2.761 200.5 
-1.781 3.299 200.6 
-1.747 3.905 200.7 
-1.714 4.582 200.9 
-1.681 5.329 201.0 
-1.647 6.146 201.2 
-1.614 7.033 201.5 
-1.58 7.986 201.7 
-1.547 9.004 202.0 
-1.513 10.08 202.4 
-1.48 11.22 202.8 
-1.447 12.41 203.2 
-1.413 13.64 203.6 
-1.38 14.92 204.1 
-1.346 16.23 204.7 
-1.313 17.57 205.3 
-1.279 18.93 205.9 
-1.246 20.3 206.6 
-1.213 21.69 207.3 
-1.179 23.06 208.1 
-1.146 24.43 208.9 
-1.112 25.77 209.7 
-1.079 27.08 210.6 
-1.045 28.35 211.6 
-1.012 29.56 212.6 
-0.979 30.72 213.6 
-0.945 31.81 214.7 
-0.912 32.82 215.8 
-0.878 33.76 216.9 
-0.845 34.62 218.1 
-0.811 35.4 219.2 
-0.778 36.1 220.4 
-0.745 36.74 221.7 
-0.711 37.3 222.9 
-0.678 37.81 224.2 
-0.644 38.27 225.5 
-0.611 38.68 226.8 
-0.577 39.07 228.1 
-0.544 39.44 229.4 
-0.511 39.8 230.7 
-0.477 40.17 232.0 
-0.444 40.56 233.4 
-0.41 40.98 234.8 
-0.377 41.44 236.2 
-0.343 41.95 237.6 
-0.31 42.51 239.0 
-0.277 43.13 240.4 
-0.243 43.8 241.9 
-0.21 44.52 243.4 
-0.176 45.27 244.9 
-0.143 46.04 246.4 
-0.109 46.83 248.0 
-0.076 47.6 249.6 
-0.043 48.34 251.2 
-0.009 49.03 252.8 
0.024 49.66 254.5 
0.058 50.21 256.2 
0.091 50.67 257.9 
0.125 51.03 259.6 
0.158 51.31 261.3 
0.191 51.49 263.0 
0.225 51.6 264.7 
0.258 51.64 266.5 
0.292 51.63 268.2 
0.325 51.58 269.9 
0.359 51.52 271.6 
0.392 51.45 273.4 
0.425 51.4 275.1 
0.459 51.36 276.8 
0.492 51.35 278.5 
0.526 51.36 280.2 
0.559 51.39 281.9 
0.593 51.44 283.7 
0.626 51.5 285.4 
0.659 51.56 287.1 
0.693 51.61 288.8 
0.726 51.63 290.6 
0.76 51.62 292.3 
0.793 51.58 294.0 
0.827 51.48 295.7 
0.86 51.34 297.4 
0.893 51.15 299.2 
0.927 50.91 300.9 
0.96 50.62 302.6 
0.994 50.29 304.2 
1.027 49.94 305.9 
1.061 49.56 307.6 
1.094 49.16 309.2 
1.127 48.76 310.8 
1.161 48.37 312.4 
1.194 47.99 314.1 
1.228 47.63 315.6 
1.261 47.3 317.2 
1.295 47.02 318.8 
1.328 46.78 320.4 
1.361 46.59 321.9 
1.395 46.46 323.5 
1.428 46.39 325.0 
1.462 46.37 326.6 
1.495 46.42 328.1 
1.529 46.52 329.7 
1.562 46.67 331.2 
1.595 46.86 332.8 
1.629 47.09 334.4 
1.662 47.36 336.0 
1.696 47.65 337.6 
1.729 47.95 339.2 
1.763 48.26 340.8 
1.796 48.56 342.4 
1.829 48.85 344.0 
1.863 49.12 345.7 
1.896 49.37 347.3 
1.93 49.58 349.0 
1.963 49.76 350.6 
1.997 49.91 352.3 
2.03 50.01 354.0 
2.063 50.09 355.7 
2.097 50.14 357.3 
2.13 50.16 359.0 
2.164 50.17 360.7 
2.197 50.16 362.4 
2.231 50.16 364.0 
2.264 50.16 365.7 
2.297 50.17 367.4 
2.331 50.2 369.1 
2.364 50.24 370.8 
2.398 50.31 372.4 
2.431 50.39 374.1 
2.465 50.49 375.8 
2.498 50.59 377.5 
2.531 50.7 379.2 
2.565 50.81 380.9 
2.598 50.91 382.6 
2.632 50.99 384.3 
2.665 51.05 386.0 
2.699 51.08 387.7 
2.732 51.07 389.4 
2.765 51.04 391.1 
2.799 50.97 392.8 
2.832 50.88 394.5 
2.866 50.75 396.2 
2.899 50.61 397.9 
2.933 50.45 399.6 
2.966 50.29 401.3 
2.999 50.13 403.0 
3.033 49.97 404.6 
3.066 49.83 406.3 
3.1 49.72 408.0 
3.133 49.62 409.6 
3.167 49.56 411.3 
3.2 49.54 412.9 
3.233 49.55 414.6 
3.267 49.59 416.2 
3.3 49.68 417.9 
3.334 49.8 419.6 
3.367 49.96 421.2 
3.401 50.16 422.9 
3.434 50.39 424.6 
3.467 50.65 426.3 
3.501 50.93 428.0 
3.534 51.24 429.7 
3.568 51.57 431.4 
3.601 51.9 433.2 
3.634 52.24 434.9 
3.668 52.58 436.7 
3.701 52.9 438.4 
3.735 53.2 440.2 
3.768 53.47 442.0 
3.802 53.71 443.8 
3.835 53.89 445.6 
3.868 54.02 447.4 
3.902 54.1 449.2 
3.935 54.12 451.0 
3.969 54.08 452.8 
4.002 53.99 454.6 
4.036 53.85 456.4 
4.069 53.68 458.2 
4.102 53.47 460.0 
4.136 53.26 461.8 
4.169 53.05 463.6 
4.203 52.85 465.3 
4.236 52.69 467.1 
4.27 52.56 468.9 
4.303 52.49 470.6 
4.336 52.47 472.4 
4.37 52.51 474.1 
4.403 52.62 475.9 
4.437 52.78 477.6 
4.47 53.0 479.4 
4.504 53.25 481.2 
4.537 53.54 483.0 
4.57 53.84 484.8 
4.604 54.14 486.6 
4.637 54.43 488.4 
4.671 54.7 490.2 
4.704 54.92 492.1 
4.738 55.1 493.9 
4.771 55.23 495.8 
4.804 55.31 497.6 
4.838 55.33 499.5 
4.871 55.3 501.3 
4.905 55.24 503.2 
4.938 55.14 505.0 
4.972 55.03 506.8 
5.005 54.9 508.7 
5.038 54.78 510.5 
5.072 54.68 512.3 
5.105 54.59 514.2 
5.139 54.54 516.0 
5.172 54.51 517.8 
5.206 54.52 519.6 
5.239 54.56 521.5 
5.272 54.62 523.3 
5.306 54.69 525.1 
5.339 54.77 526.9 
5.373 54.85 528.8 
5.406 54.91 530.6 
5.44 54.95 532.4 
5.473 54.95 534.3 
5.506 54.9 536.1 
5.54 54.81 538.0 
5.573 54.66 539.8 
5.607 54.45 541.6 
5.64 54.19 543.4 
5.674 53.89 545.2 
5.707 53.54 547.0 
5.74 53.16 548.8 
5.774 52.76 550.5 
5.807 52.35 552.3 
5.841 51.95 554.0 
5.874 51.58 555.8 
5.908 51.23 557.5 
5.941 50.93 559.2 
5.974 50.68 560.9 
6.008 50.49 562.5 
6.041 50.37 564.2 
6.075 50.3 565.9 
6.108 50.29 567.6 
6.142 50.32 569.3 
6.175 50.4 571.0 
6.208 50.5 572.6 
6.242 50.61 574.3 
6.275 50.72 576.0 
6.309 50.81 577.7 
6.342 50.88 579.4 
6.376 50.91 581.1 
6.409 50.9 582.8 
6.442 50.84 584.5 
6.476 50.73 586.2 
6.509 50.57 587.9 
6.543 50.38 589.6 
6.576 50.14 591.3 
6.61 49.88 593.0 
6.643 49.6 594.6 
6.676 49.3 596.3 
6.71 49.0 597.9 
6.743 48.69 599.5 
6.777 48.39 601.1 
6.81 48.1 602.7 
6.844 47.82 604.3 
6.877 47.55 605.9 
6.91 47.3 607.5 
6.944 47.05 609.1 
6.977 46.82 610.7 
7.011 46.6 612.2 
7.044 46.39 613.8 
7.078 46.19 615.3 
7.111 45.99 616.8 
7.144 45.8 618.4 
7.178 45.62 619.9 
7.211 45.45 621.4 
7.245 45.27 622.9 
7.278 45.1 624.4 
7.312 44.93 625.9 
7.345 44.76 627.4 
7.378 44.59 628.9 
7.412 44.42 630.4 
7.445 44.25 631.9 
7.479 44.08 633.4 
7.512 43.92 634.8 
7.546 43.76 636.3 
7.579 43.63 637.8 
7.612 43.51 639.2 
7.646 43.41 640.7 
7.679 43.35 642.1 
7.713 43.31 643.6 
7.746 43.3 645.0 
7.78 43.33 646.5 
7.813 43.39 647.9 
7.846 43.48 649.4 
7.88 43.59 650.8 
7.913 43.72 652.3 
7.947 43.87 653.7 
7.98 44.02 655.2 
8.014 44.18 656.7 
8.047 44.33 658.2 
8.08 44.47 659.7 
8.114 44.6 661.2 
8.147 44.72 662.6 
8.181 44.81 664.1 
8.214 44.89 665.6 
8.248 44.95 667.1 
8.281 44.99 668.7 
8.314 45.01 670.2 
8.348 45.01 671.7 
8.381 44.99 673.2 
8.415 44.95 674.7 
8.448 44.9 676.2 
8.482 44.83 677.7 
8.515 44.74 679.2 
8.548 44.63 680.7 
8.582 44.49 682.1 
8.615 44.34 683.6 
8.649 44.15 685.1 
8.682 43.94 686.6 
8.716 43.7 688.0 
8.749 43.41 689.5 
8.782 43.09 690.9 
8.816 42.71 692.3 
8.849 42.28 693.8 
8.883 41.79 695.2 
8.916 41.23 696.5 
8.95 40.59 697.9 
8.983 39.87 699.2 
9.016 39.05 700.5 
9.05 38.14 701.8 
9.083 37.12 703.0 
9.117 35.99 704.3 
9.15 34.75 705.4 
9.184 33.41 706.5 
9.217 31.97 707.6 
9.25 30.43 708.6 
9.284 28.81 709.6 
9.317 27.12 710.5 
9.351 25.37 711.3 
9.384 23.59 712.1 
9.418 21.78 712.9 
9.451 19.97 713.5 
9.484 18.18 714.1 
9.518 16.43 714.7 
9.551 14.72 715.2 
9.585 13.09 715.6 
9.618 11.54 716.0 
9.651 10.09 716.3 
9.685 8.744 716.6 
9.718 7.507 716.9 
9.752 6.385 717.1 
9.785 5.377 717.3 
9.819 4.485 717.4 
9.852 3.702 717.5 
9.885 3.025 717.6 
9.919 2.445 717.7 
9.952 1.955 717.8 
9.986 1.546 717.8 
10.019 1.21 717.9 
10.053 0.9353 717.9 
10.086 0.715 717.9 
10.119 0.5402 718.0 
10.153 0.4033 718.0 
10.186 0.2975 718.0 
10.22 0.2169 718.0 
10.253 0.1561 718.0 
10.287 0.111 718.0 
10.32 0.07799 718.0 
10.353 0.05409 718.0 
10.387 0.03704 718.0 
10.42 0.02505 718.0 
10.454 0.01672 718.0 
10.487 0.01102 718.0 
10.521 0.00717 718.0 
10.554 0.004604 718.0 
10.587 0.002918 718.0 
10.621 0.001826 718.0 
10.654 0.001127 718.0 
10.688 0.0006866 718.0 
10.721 0.0004128 718.0 
10.755 0.0002449 718.0 
10.788 0.0001434 718.0 
10.821 8.281e-05 718.0 
10.855 4.719e-05 718.0 
10.888 2.654e-05 718.0 
10.922 1.472e-05 718.0 
10.955 8.057e-06 718.0 
10.989 4.351e-06 718.0 
11.022 2.318e-06 718.0 
11.055 1.218e-06 718.0 
11.089 6.314e-07 718.0 
11.122 3.229e-07 718.0 
11.156 1.629e-07 718.0 
11.189 8.107e-08 718.0 
11.223 3.98e-08 718.0 
11.256 1.927e-08 718.0 
11.289 9.204e-09 718.0 
11.323 4.336e-09 718.0 
11.356 2.015e-09 718.0 
11.39 9.239e-10 718.0 
11.423 4.181e-10 718.0 
11.457 1.875e-10 718.0 
11.49 8.498e-11 718.0 
11.523 4.286e-11 718.0 
11.557 3.244e-11 718.0 
11.59 4.643e-11 718.0 
11.624 9.424e-11 718.0 
11.657 2.077e-10 718.0 
11.691 4.603e-10 718.0 
11.724 1.009e-09 718.0 
11.757 2.184e-09 718.0 
11.791 4.662e-09 718.0 
11.824 9.812e-09 718.0 
11.858 2.037e-08 718.0 
11.891 4.168e-08 718.0 
11.925 8.413e-08 718.0 
11.958 1.675e-07 718.0 
11.991 3.287e-07 718.0 
12.025 6.363e-07 718.0 
12.058 1.215e-06 718.0 
12.092 2.286e-06 718.0 
12.125 4.244e-06 718.0 
12.159 7.769e-06 718.0 
12.192 1.403e-05 718.0 
12.225 2.497e-05 718.0 
12.259 4.383e-05 718.0 
12.292 7.589e-05 718.0 
12.326 0.0001296 718.0 
12.359 0.0002181 718.0 
12.393 0.0003622 718.0 
12.426 0.0005929 718.0 
12.459 0.0009574 718.0 
12.493 0.001524 718.0 
12.526 0.002393 718.0 
12.56 0.003706 718.0 
12.593 0.005659 718.0 
12.627 0.008521 718.0 
12.66 0.01265 718.0 
12.693 0.01853 718.0 
12.727 0.02676 718.0 
12.76 0.03811 718.0 
12.794 0.05351 718.0 
12.827 0.07411 718.0 
12.861 0.1012 718.0 
12.894 0.1363 718.0 
12.927 0.181 718.0 
12.961 0.2371 718.0 
12.994 0.3062 718.0 
13.028 0.39 718.1 
13.061 0.4899 718.1 
13.095 0.6068 718.1 
13.128 0.7412 718.1 
13.161 0.8928 718.1 
13.195 1.061 718.2 
13.228 1.242 718.2 
13.262 1.435 718.3 
13.295 1.635 718.3 
13.329 1.836 718.4 
13.362 2.034 718.5 
13.395 2.223 718.5 
13.429 2.394 718.6 
13.462 2.544 718.7 
13.496 2.665 718.8 
13.529 2.754 718.9 
13.563 2.805 719.0 
13.596 2.819 719.1 
13.629 2.793 719.2 
13.663 2.729 719.2 
13.696 2.63 719.3 
13.73 2.499 719.4 
13.763 2.341 719.5 
13.797 2.163 719.6 
13.83 1.971 719.6 
13.863 1.772 719.7 
13.897 1.57 719.7 
13.93 1.372 719.8 
13.964 1.182 719.8 
13.997 1.005 719.9 
14.031 0.8422 719.9 
14.064 0.696 719.9 
14.097 0.5673 719.9 
14.131 0.4559 720.0 
14.164 0.3614 720.0 
14.198 0.2825 720.0 
14.231 0.2177 720.0 
14.265 0.1655 720.0 
14.298 0.124 720.0 
14.331 0.09169 720.0 
14.365 0.06684 720.0 
14.398 0.04805 720.0 
14.432 0.03406 720.0 
14.465 0.02381 720.0 
14.499 0.01641 720.0 
14.532 0.01116 720.0 
14.565 0.007481 720.0 
14.599 0.004946 720.0 
14.632 0.003225 720.0 
14.666 0.002073 720.0 
14.699 0.001314 720.0 
14.733 0.0008218 720.0 
14.766 0.0005067 720.0 
14.799 0.0003081 720.0 
14.833 0.0001847 720.0 
14.866 0.0001092 720.0 
14.9 6.37e-05 720.0 
14.933 3.663e-05 720.0 
14.967 2.077e-05 720.0 
15.0 1.162e-05 720.0 
15.033 6.405e-06 720.0 
15.067 3.483e-06 720.0 
15.1 1.868e-06 720.0 
15.134 9.879e-07 720.0 
15.167 5.152e-07 720.0 
15.201 2.65e-07 720.0 
15.234 1.344e-07 720.0 
15.267 6.722e-08 720.0 
15.301 3.315e-08 720.0 
15.334 1.612e-08 720.0 
15.368 7.734e-09 720.0 
15.401 3.658e-09 720.0 
15.435 1.706e-09 720.0 
15.468 7.849e-10 720.0 
15.501 3.561e-10 720.0 
15.535 1.593e-10 720.0 
15.568 7.026e-11 720.0 
15.602 3.056e-11 720.0 
15.635 1.311e-11 720.0 
15.669 5.546e-12 720.0 
15.702 2.312e-12 720.0 
15.735 9.565e-13 720.0 
15.769 3.853e-13 720.0 
15.802 1.528e-13 720.0 
15.836 5.978e-14 720.0 
15.869 2.657e-14 720.0 
15.902 6.643e-15 720.0 
15.936 6.643e-15 720.0 
15.969 0.0 720.0 
16.003 0.0 720.0 
16.036 0.0 720.0 
16.07 0.0 720.0 
16.103 0.0 720.0 
16.136 0.0 720.0 
16.17 0.0 720.0 
16.203 0.0 720.0 
16.237 0.0 720.0 
16.27 0.0 720.0 
16.304 0.0 720.0 
16.337 0.0 720.0 
16.37 0.0 720.0 
16.404 0.0 720.0 
16.437 0.0 720.0 
16.471 0.0 720.0 
16.504 0.0 720.0 
16.538 0.0 720.0 
16.571 0.0 720.0 
16.604 0.0 720.0 
16.638 0.0 720.0 
16.671 0.0 720.0 
16.705 0.0 720.0 
16.738 0.0 720.0 
16.772 0.0 720.0 
16.805 0.0 720.0 
16.838 0.0 720.0 
16.872 0.0 720.0 
16.905 0.0 720.0 
16.939 0.0 720.0 
16.972 0.0 720.0 
17.006 0.0 720.0 
17.039 0.0 720.0 
17.072 0.0 720.0 
17.106 0.0 720.0 
17.139 0.0 720.0 
17.173 0.0 720.0 
17.206 0.0 720.0 
17.24 0.0 720.0 
17.273 0.0 720.0 
17.306 0.0 720.0 
17.34 0.0 720.0 
17.373 0.0 720.0 
17.407 0.0 720.0 
17.44 0.0 720.0 
17.474 0.0 720.0 
17.507 0.0 720.0 
17.54 0.0 720.0 
17.574 0.0 720.0 
