-15.854 0.0 0.0 0.0 0.0 0.0 0.0 
-15.82 0.0 0.0 0.0 0.0 0.0 0.0 
-15.787 0.0 0.0 0.0 0.0 0.0 0.0 
-15.754 0.0 0.0 0.0 0.0 0.0 0.0 
-15.72 0.0 0.0 0.0 0.0 0.0 0.0 
-15.687 0.0 0.0 0.0 0.0 0.0 0.0 
-15.653 0.0 0.0 0.0 0.0 0.0 0.0 
-15.62 0.0 0.0 0.0 0.0 0.0 0.0 
-15.586 0.0 0.0 0.0 0.0 0.0 0.0 
-15.553 0.0 0.0 0.0 0.0 0.0 0.0 
-15.52 0.0 0.0 0.0 0.0 0.0 0.0 
-15.486 0.0 0.0 0.0 0.0 0.0 0.0 
-15.453 0.0 0.0 0.0 0.0 0.0 0.0 
-15.419 0.0 0.0 0.0 0.0 0.0 0.0 
-15.386 0.0 0.0 0.0 0.0 0.0 0.0 
-15.352 0.0 0.0 0.0 0.0 0.0 0.0 
-15.319 0.0 0.0 0.0 0.0 0.0 0.0 
-15.286 0.0 0.0 0.0 0.0 0.0 0.0 
-15.252 0.0 0.0 0.0 0.0 0.0 0.0 
-15.219 0.0 0.0 0.0 0.0 0.0 0.0 
-15.185 0.0 0.0 0.0 0.0 0.0 0.0 
-15.152 0.0 0.0 0.0 0.0 0.0 0.0 
-15.118 0.0 0.0 0.0 0.0 0.0 0.0 
-15.085 0.0 0.0 0.0 0.0 0.0 0.0 
-15.052 0.0 0.0 0.0 0.0 0.0 0.0 
-15.018 0.0 0.0 0.0 0.0 0.0 0.0 
-14.985 0.0 0.0 0.0 0.0 0.0 0.0 
-14.951 0.0 0.0 0.0 0.0 0.0 0.0 
-14.918 0.0 0.0 0.0 0.0 0.0 0.0 
-14.885 0.0 0.0 0.0 0.0 0.0 0.0 
-14.851 0.0 0.0 0.0 0.0 0.0 0.0 
-14.818 0.0 0.0 0.0 0.0 0.0 0.0 
-14.784 0.0 0.0 0.0 0.0 0.0 0.0 
-14.751 0.0 0.0 0.0 0.0 0.0 0.0 
-14.717 0.0 0.0 0.0 0.0 0.0 0.0 
-14.684 0.0 0.0 0.0 0.0 0.0 0.0 
-14.651 0.0 0.0 0.0 0.0 0.0 0.0 
-14.617 0.0 0.0 0.0 0.0 0.0 0.0 
-14.584 0.0 0.0 0.0 0.0 0.0 0.0 
-14.55 0.0 0.0 0.0 0.0 0.0 0.0 
-14.517 0.0 0.0 0.0 0.0 0.0 0.0 
-14.483 0.0 0.0 0.0 0.0 0.0 0.0 
-14.45 0.0 0.0 0.0 0.0 0.0 0.0 
-14.417 0.0 0.0 0.0 0.0 0.0 0.0 
-14.383 0.0 0.0 0.0 0.0 0.0 0.0 
-14.35 0.0 0.0 0.0 0.0 0.0 0.0 
-14.316 0.0 0.0 0.0 0.0 0.0 0.0 
-14.283 0.0 0.0 0.0 0.0 0.0 0.0 
-14.249 0.0 0.0 0.0 0.0 0.0 0.0 
-14.216 1.13953502e-15 8.53972781e-17 0.0 1.13953502e-15 8.53972781e-17 0.0 
-14.183 1.13953502e-15 8.53972781e-17 0.0 2.27907004e-15 1.707945562e-16 0.0 
-14.149 2.2792626e-15 1.70783353e-16 0.0 4.55833264e-15 3.415779092e-16 0.0 
-14.116 9.1167142e-15 6.8315991e-16 0.0 1.367504684e-14 1.0247378192e-15 0.0 
-14.082 2.0513287e-14 1.53710033e-15 0.0 3.418833384e-14 2.5618381492e-15 0.0 
-14.049 5.242169e-14 3.92800119e-15 0.0 8.661002384e-14 6.4898393392e-15 0.0 
-14.015 1.34487227e-13 1.006404744e-14 0.0 2.2109725084e-13 1.65538867792e-14 0.0 
-13.982 3.2595214e-13 2.442187e-14 0.0 5.4704939084e-13 4.09757567792e-14 0.0 
-13.949 7.9779146e-13 5.97417411e-14 0.0 1.34484085084e-12 1.00717497879e-13 0.0 
-13.915 1.9101452e-12 1.43056861e-13 0.0 3.25498605084e-12 2.43774358879e-13 0.0 
-13.882 4.5177446e-12 3.38301283e-13 0.0 7.77273065084e-12 5.82075641879e-13 0.0 
-13.848 1.05331747e-11 7.88834686e-13 0.0 1.83059053508e-11 1.37091032788e-12 0.0 
-13.815 2.4225943e-11 1.81387846e-12 0.0 4.25318483508e-11 3.18478878788e-12 0.0 
-13.781 5.4943173e-11 4.11404886e-12 0.0 9.74750213508e-11 7.29883764788e-12 0.0 
-13.748 1.22874627e-10 9.19897411e-12 0.0 2.20349648351e-10 1.64978117579e-11 0.0 
-13.715 2.7103334e-10 2.02884229e-11 0.0 4.91382988351e-10 3.67862346579e-11 0.0 
-13.681 5.8961188e-10 4.41300845e-11 0.0 1.08099486835e-09 8.09163191579e-11 0.0 
-13.648 1.26468273e-09 9.46560443e-11 0.0 2.34567759835e-09 1.75572363458e-10 0.0 
-13.614 2.6755635e-09 2.00240895e-10 0.0 5.02124109835e-09 3.75813258458e-10 0.0 
-13.581 5.5818385e-09 4.17775857e-10 0.0 1.06030795984e-08 7.93589115458e-10 0.0 
-13.547 1.1485997e-08 8.59422553e-10 0.0 2.20890765984e-08 1.65301166846e-09 0.0 
-13.514 2.3309129e-08 1.74377191e-09 0.0 4.53982055984e-08 3.39678357846e-09 0.0 
-13.481 4.665169e-08 3.48920305e-09 0.0 9.20498955984e-08 6.88598662846e-09 0.0 
-13.447 9.2070933e-08 6.88597184e-09 0.0 1.84120828598e-07 1.37719584685e-08 0.0 
-13.414 1.7922575e-07 1.3403231e-08 0.0 3.63346578598e-07 2.71751894685e-08 0.0 
-13.38 3.4409519e-07 2.57251542e-08 0.0 7.07441768598e-07 5.29003436685e-08 0.0 
-13.347 6.5142964e-07 4.86980253e-08 0.0 1.3588714086e-06 1.01598368968e-07 0.0 
-13.313 1.21674189e-06 9.0933418e-08 0.0 2.5756132986e-06 1.92531786968e-07 0.0 
-13.28 2.2409795e-06 1.6743067e-07 0.0 4.8165927986e-06 3.59962456968e-07 0.0 
-13.247 4.0706862e-06 3.04070795e-07 0.0 8.8872789986e-06 6.64033251968e-07 0.0 
-13.213 7.2931727e-06 5.44751476e-07 0.0 1.61804516986e-05 1.20878472797e-06 0.0 
-13.18 1.28902491e-05 9.62259388e-07 0.0 2.90707007986e-05 2.17104411597e-06 0.0 
-13.146 2.2467593e-05 1.67668206e-06 0.0 5.15382937986e-05 3.84772617597e-06 0.0 
-13.113 3.8625667e-05 2.881578e-06 0.0 9.01639607986e-05 6.72930417597e-06 0.0 
-13.079 6.5502939e-05 4.88505074e-06 0.0 0.000155666899799 1.1614354916e-05 0.0 
-13.046 0.000109586533 8.16764089e-06 0.0 0.000265253432799 1.9781995806e-05 0.0 
-13.013 0.00018081326 1.3471842e-05 0.0 0.000446066692799 3.3253837806e-05 0.0 
-12.979 0.00029432323 2.19177482e-05 0.0 0.000740389922799 5.5171586006e-05 0.0 
-12.946 0.00047262612 3.51744116e-05 0.0 0.0012130160428 9.0345997606e-05 0.0 
-12.912 0.00074865383 5.56881341e-05 0.0 0.0019616698728 0.000146034131706 0.0 
-12.879 0.00116993907 8.6965021e-05 0.0 0.0031316089428 0.000232999152706 0.0 
-12.845 0.0018038661 0.000133996844 0.0 0.0049354750428 0.000366995996706 0.0 
-12.812 0.0027441642 0.000203676289 0.0 0.0076796392428 0.000570672285706 0.0 
-12.779 0.0041186904 0.00030547195 0.0 0.0117983296428 0.000876144235706 0.0 
-12.745 0.0061001237 0.000451954247 0.0 0.0178984533428 0.00132809848271 0.0 
-12.712 0.0089151081 0.000660032936 0.0 0.0268135614428 0.00198813141871 0.0 
-12.678 0.0128594487 0.00095084584 0.0 0.0396730101428 0.00293897725871 0.0 
-12.645 0.018304533 0.00135205197 0.0 0.0579775431428 0.00429102922871 0.0 
-12.611 0.025718027 0.00189729403 0.0 0.0836955701428 0.00618832325871 0.0 
-12.578 0.035670709 0.00262779314 0.0 0.119366279143 0.00881611639871 0.0 
-12.545 0.048838456 0.0035931315 0.0 0.168204735143 0.0124092478987 0.0 
-12.511 0.066021345 0.00484915926 0.0 0.234226080143 0.0172584071587 0.0 
-12.478 0.088130549 0.0064625504 0.0 0.322356629143 0.0237209575587 0.0 
-12.444 0.11617816 0.0085036947 0.0 0.438534789143 0.0322246522587 0.0 
-12.411 0.15128798 0.0110522847 0.0 0.589822769143 0.0432769369587 0.0 
-12.377 0.19460326 0.014187678 0.0 0.784426029143 0.0574646149587 0.0 
-12.344 0.24734541 0.0179925999 0.0 1.03177143914 0.0754572148587 0.0 
-12.311 0.31069345 0.0225485962 0.0 1.34246488914 0.0980058110587 0.0 
-12.277 0.38576427 0.0279280844 0.0 1.72822915914 0.125933895459 0.0 
-12.244 0.47359414 0.034198876 0.0 2.20182329914 0.160132771459 0.0 
-12.21 0.57504381 0.041414081 0.0 2.77686710914 0.201546852459 0.0 
-12.177 0.6905714 0.049593951 0.0 3.46743850914 0.251140803459 0.0 
-12.143 0.82087584 0.058774899 0.0 4.28831434914 0.309915702459 0.0 
-12.11 0.9657565 0.068940355 0.0 5.25407084914 0.378856057459 0.0 
-12.077 1.125075 0.080087707 0.0 6.37914584914 0.458943764459 0.0 
-12.043 1.2982286 0.09215085 0.0 7.67737444914 0.551094614459 0.0 
-12.01 1.4847258 0.105066139 0.0 9.16210024914 0.656160753459 0.0 
-11.976 1.6829702 0.11875749 0.0 10.8450704491 0.774918243459 0.0 
-11.943 1.8919185 0.1331391 0.0 12.7369889491 0.908057343459 0.0 
-11.909 2.109847 0.14811651 0.0 14.8468359491 1.05617385346 0.0 
-11.876 2.3353731 0.16356709 0.0 17.1822090491 1.21974094346 0.0 
-11.843 2.5665067 0.17939672 0.0 19.7487157491 1.39913766346 0.0 
-11.809 2.8011218 0.19549285 0.0 22.5498375491 1.59463051346 0.0 
-11.776 3.0378493 0.21174296 0.0 25.5876868491 1.80637347346 0.0 
-11.742 3.273881 0.22804574 0.0 28.8615678491 2.03441921346 0.0 
-11.709 3.5077512 0.24428593 0.0 32.3693190491 2.27870514346 0.0 
-11.675 3.7372089 0.26032435 0.0 36.1065279491 2.53902949346 0.0 
-11.642 3.9599448 0.27608657 0.0 40.0664727491 2.81511606346 0.0 
-11.609 4.1743097 0.29139895 0.0 44.2407824491 3.10651501346 0.0 
-11.575 4.3778621 0.30615665 0.0 48.6186445491 3.41267166346 0.0 
-11.542 4.5688346 0.32023916 0.0 53.1874791491 3.73291082346 0.0 
-11.508 4.74556 0.33349476 0.0 57.9330391491 4.06640558346 0.0 
-11.475 4.9065371 0.34580173 0.0 62.8395762491 4.41220731346 0.0 
-11.441 5.0498941 0.35706577 0.0 67.8894703491 4.76927308346 0.0 
-11.408 5.1751883 0.36722237 0.0 73.0646586491 5.13649545346 0.0 
-11.375 5.282496 0.37616488 0.0 78.3471546491 5.51266033346 0.0 
-11.341 5.371486 0.38392192 0.0 83.7186406491 5.89658225346 0.0 
-11.308 5.443387 0.39054055 0.0 89.1620276491 6.28712280346 0.0 
-11.274 5.499951 0.39609189 0.0 94.6619786491 6.68321469346 0.0 
-11.241 5.543881 0.40069778 0.0 100.205859649 7.08391247346 0.0 
-11.207 5.577405 0.4045954 0.0 105.783264649 7.48850787346 0.0 
-11.174 5.604773 0.4079968 0.0 111.388037649 7.89650467346 0.0 
-11.141 5.629919 0.4112184 0.0 117.017956649 8.30772307346 0.0 
-11.107 5.656312 0.414534 0.0 122.674268649 8.72225707346 0.0 
-11.074 5.689637 0.4182887 0.0 128.363905649 9.14054577346 0.0 
-11.04 5.7325383 0.422776 0.0 134.096443949 9.56332177346 0.0 
-11.007 5.7895965 0.4283196 0.0 139.886040449 9.99164137346 0.0 
-10.973 5.8632526 0.4350824 0.0 145.749293049 10.4267237735 0.0 
-10.94 5.9559596 0.4433065 0.0 151.705252649 10.8700302735 0.0 
-10.907 6.0686915 0.4531393 0.0 157.773944149 11.3231695735 0.0 
-10.873 6.2022099 0.46455282 0.0 163.976154049 11.7877223935 0.0 
-10.84 6.3551904 0.47755665 0.0 170.331344449 12.2652790435 0.0 
-10.806 6.5265435 0.49202854 0.0 176.857887949 12.7573075835 0.0 
-10.773 6.7135113 0.50780477 0.0 183.571399249 13.2651123535 0.0 
-10.739 6.9126809 0.5246204 0.0 190.484080149 13.7897327535 0.0 
-10.706 7.120609 0.54224546 0.0 197.604689149 14.3319782135 0.0 
-10.673 7.333119 0.56030914 0.0 204.937808149 14.8922873535 0.0 
-10.639 7.546829 0.57850311 0.0 212.484637149 15.4707904635 0.0 
-10.606 7.75665 0.59653604 0.0 220.241287149 16.0673265035 0.0 
-10.572 7.959239 0.61405268 0.0 228.200526149 16.6813791835 0.0 
-10.539 8.151122 0.63069339 0.0 236.351648149 17.3120725735 0.0 
-10.505 8.329014 0.64622933 0.0 244.680662149 17.9583019035 0.0 
-10.472 8.490985 0.66043239 0.0 253.171647149 18.6187342935 0.0 
-10.439 8.633748 0.67303495 0.0 261.805395149 19.2917692435 0.0 
-10.405 8.756955 0.68396745 0.0 270.562350149 19.9757366935 0.0 
-10.372 8.857922 0.6929696 0.0 279.420272149 20.6687062935 0.0 
-10.338 8.937003 0.7001011 0.0 288.357275149 21.3688073935 0.0 
-10.305 8.994003 0.7051879 0.0 297.351278149 22.0739952935 0.0 
-10.271 9.028239 0.7083929 0.0 306.379517149 22.7823881935 0.0 
-10.238 9.041549 0.7097484 0.0 315.421066149 23.4921365935 0.0 
-10.205 9.03429 0.7093634 0.0 324.455356149 24.2014999935 0.0 
-10.171 9.008296 0.7073969 0.0 333.463652149 24.9088968935 0.0 
-10.138 8.965957 0.7041433 0.0 342.429609149 25.6130401935 0.0 
-10.104 8.909677 0.6998474 0.0 351.339286149 26.3128875935 0.0 
-10.071 8.843024 0.694917 0.0 360.182310149 27.0078045935 0.0 
-10.037 8.769119 0.6895965 0.0 368.951429149 27.6974010935 0.0 
-10.004 8.692108 0.6842905 0.0 377.643537149 28.3816915935 0.0 
-9.971 8.615748 0.6793474 0.0 386.259285149 29.0610389935 0.0 
-9.937 8.54324 0.6750878 0.0 394.802525149 29.7361267935 0.0 
-9.904 8.478703 0.6718069 0.0 403.281228149 30.4079336935 0.0 
-9.87 8.424578 0.669734 0.0 411.705806149 31.0776676935 0.0 
-9.837 8.382478 0.6689813 0.0 420.088284149 31.7466489935 0.0 
-9.803 8.355225 0.669611 0.0 428.443509149 32.4162599935 0.0 
-9.77 8.341906 0.6716038 0.0 436.785415149 33.0878637935 0.0 
-9.737 8.342026 0.6748117 0.0 445.127441149 33.7626754935 0.0 
-9.703 8.354159 0.6791363 0.0 453.481600149 34.4418117935 0.0 
-9.67 8.375887 0.6841656 0.0 461.857487149 35.1259773935 0.0 
-9.636 8.403592 0.6896534 0.0 470.261079149 35.8156307935 0.0 
-9.603 8.434366 0.6952405 0.0 478.695445149 36.5108712935 0.0 
-9.569 8.464179 0.7006653 0.0 487.159624149 37.2115365935 0.0 
-9.536 8.489657 0.705522 0.0 495.649281149 37.9170585935 0.0 
-9.503 8.507806 0.7095524 0.0 504.157087149 38.6266109935 0.0 
-9.469 8.516918 0.7125944 0.0 512.674005149 39.3392053935 0.0 
-9.436 8.514081 0.7144332 0.0 521.188086149 40.0536385935 0.0 
-9.402 8.499244 0.7150341 0.0 529.687330149 40.7686726935 0.0 
-9.369 8.471582 0.7144249 0.0 538.158912149 41.4830975935 0.0 
-9.335 8.432184 0.7125944 0.0 546.591096149 42.1956919935 0.0 
-9.302 8.381089 0.7096367 0.0 554.972185149 42.9053286935 0.0 
-9.269 8.320868 0.7056925 0.0 563.293053149 43.6110211935 0.0 
-9.235 8.252183 0.7009306 0.0 571.545236149 44.3119517935 0.0 
-9.202 8.177236 0.6955256 0.0 579.722472149 45.0074773935 0.0 
-9.168 8.097141 0.6895787 0.0 587.819613149 45.6970560935 0.0 
-9.135 8.014036 0.683265 0.0 595.833649149 46.3803210935 0.0 
-9.101 7.928975 0.6766884 0.0 603.762624149 47.0570094935 0.0 
-9.068 7.8425 0.6700131 0.0 611.605124149 47.7270225935 0.0 
-9.035 7.757814 0.6633247 0.0 619.362938149 48.3903472935 0.0 
-9.001 7.674647 0.6567201 0.0 627.037585149 49.0470673935 0.0 
-8.968 7.594542 0.6503854 0.0 634.632127149 49.6974527935 0.0 
-8.934 7.519534 0.6444089 0.0 642.151661149 50.3418616935 0.0 
-8.901 7.45102 0.638965 0.0 649.602681149 50.9808266935 0.0 
-8.868 7.391309 0.6342062 0.0 656.993990149 51.6150328935 0.0 
-8.834 7.34191 0.6303227 0.0 664.335900149 52.2453555935 0.0 
-8.801 7.305933 0.6275284 0.0 671.641833149 52.8728839935 0.0 
-8.767 7.285469 0.6260338 0.0 678.927302149 53.4989177935 0.0 
-8.734 7.282062 0.6259881 0.0 686.209364149 54.1249058935 0.0 
-8.7 7.298053 0.6275904 0.0 693.507417149 54.7524962935 0.0 
-8.667 7.33478 0.6309324 0.0 700.842197149 55.3834286935 0.0 
-8.634 7.393122 0.636175 0.0 708.235319149 56.0196036935 0.0 
-8.6 7.472611 0.643351 0.0 715.707930149 56.6629546935 0.0 
-8.567 7.573468 0.652434 0.0 723.281398149 57.3153886935 0.0 
-8.533 7.694472 0.663423 0.0 730.975870149 57.9788116935 0.0 
-8.5 7.83362 0.67617 0.0 738.809490149 58.6549816935 0.0 
-8.466 7.988631 0.690524 0.0 746.798121149 59.3455056935 0.0 
-8.433 8.155733 0.7064 0.0 754.953854149 60.0519056935 0.0 
-8.4 8.332549 0.723363 0.0 763.286403149 60.7752686935 0.0 
-8.366 8.514036 0.741317 0.0 771.800439149 61.5165856935 0.0 
-8.333 8.69708 0.75983 0.0 780.497519149 62.2764156935 0.0 
-8.299 8.877067 0.77856 0.0 789.374586149 63.0549756935 0.0 
-8.266 9.049682 0.797138 0.0 798.424268149 63.8521136935 0.0 
-8.232 9.210149 0.815249 0.0 807.634417149 64.6673626935 0.0 
-8.199 9.355608 0.832468 0.0 816.990025149 65.4998306935 0.0 
-8.166 9.481734 0.848392 0.0 826.471759149 66.3482226935 0.0 
-8.132 9.585168 0.86268 0.0 836.056927149 67.2109026935 0.0 
-8.099 9.662393 0.87503 0.0 845.719320149 68.0859326935 0.0 
-8.065 9.71212 0.885084 0.0 855.431440149 68.9710166935 0.0 
-8.032 9.732707 0.892671 0.0 865.164147149 69.8636876935 0.0 
-7.998 9.723172 0.897628 0.0 874.887319149 70.7613156935 0.0 
-7.965 9.683539 0.899887 0.0 884.570858149 71.6612026935 0.0 
-7.932 9.615576 0.899397 0.0 894.186434149 72.5605996935 0.0 
-7.898 9.51982 0.896335 0.0 903.706254149 73.4569346935 0.0 
-7.865 9.40072 0.890868 0.0 913.106974149 74.3478026935 0.0 
-7.831 9.260738 0.883171 0.0 922.367712149 75.2309736935 0.0 
-7.798 9.102956 0.873627 0.0 931.470668149 76.1046006935 0.0 
-7.764 8.932688 0.862598 0.0 940.403356149 76.9671986935 0.0 
-7.731 8.753487 0.8504027 0.0 949.156843149 77.8176013935 0.0 
-7.698 8.56956 0.8374791 0.0 957.726403149 78.6550804935 0.0 
-7.664 8.384461 0.8241571 0.0 966.110864149 79.4792375935 0.0 
-7.631 8.201576 0.8108276 0.0 974.312440149 80.2900651935 0.0 
-7.597 8.024481 0.7978104 0.0 982.336921149 81.0878755935 0.0 
-7.564 7.854436 0.785433 0.0 990.191357149 81.8733085935 0.0 
-7.53 7.694151 0.773884 0.0 997.885508149 82.6471925935 0.0 
-7.497 7.54519 0.763427 0.0 1005.43069815 83.4106195935 0.0 
-7.464 7.407538 0.754298 0.0 1012.83823615 84.1649175935 0.0 
-7.43 7.283641 0.746619 0.0 1020.12187715 84.9115365935 0.0 
-7.397 7.172956 0.740504 0.0 1027.29483315 85.6520405935 0.0 
-7.363 7.076743 0.736131 0.0 1034.37157615 86.3881715935 0.0 
-7.33 6.994855 0.733537 0.0 1041.36643115 87.1217085935 0.0 
-7.296 6.927857 0.7327641 0.0 1048.29428815 87.8544726935 0.0 
-7.263 6.875534 0.7338196 0.0 1055.16982215 88.5882922935 0.0 
-7.23 6.838266 0.7367205 0.0 1062.00808815 89.3250127935 0.0 
-7.196 6.81539 0.7413152 0.0 1068.82347815 90.0663279935 0.0 
-7.163 6.806425 0.7474578 0.0 1075.62990315 90.8137857935 0.0 
-7.129 6.810419 0.7549241 0.0 1082.44032215 91.5687098935 0.0 
-7.096 6.826236 0.7635022 0.0 1089.26655815 92.3322120935 0.0 
-7.062 6.851729 0.7727733 0.0 1096.11828715 93.1049853935 0.0 
-7.029 6.886114 0.7824226 0.0 1103.00440115 93.8874079935 0.0 
-6.996 6.925954 0.7921299 0.0 1109.93035515 94.6795378935 0.0 
-6.962 6.969833 0.8013837 0.0 1116.90018815 95.4809215935 0.0 
-6.929 7.014627 0.8099036 0.0 1123.91481515 96.2908251935 0.0 
-6.895 7.058546 0.8172844 0.0 1130.97336115 97.1081095935 0.0 
-6.862 7.09946 0.8232117 0.0 1138.07282115 97.9313212935 0.0 
-6.828 7.135559 0.8274675 0.0 1145.20838015 98.7587887935 0.0 
-6.795 7.165341 0.8298683 0.0 1152.37372115 99.5886570935 0.0 
-6.762 7.188402 0.8303051 0.0 1159.56212315 100.418962193 0.0 
-6.728 7.203663 0.8288856 0.0 1166.76578615 101.247847793 0.0 
-6.695 7.211005 0.8255827 0.0 1173.97679115 102.073430493 0.0 
-6.661 7.211875 0.8205942 0.0 1181.18866615 102.894024693 0.0 
-6.628 7.206948 0.8142349 0.0 1188.39561415 103.708259593 0.0 
-6.594 7.197235 0.8067585 0.0 1195.59284915 104.515018093 0.0 
-6.561 7.184937 0.7984933 0.0 1202.77778615 105.313511393 0.0 
-6.528 7.171761 0.7898336 0.0 1209.94954715 106.103344993 0.0 
-6.494 7.159879 0.7811776 0.0 1217.10942615 106.884522593 0.0 
-6.461 7.150349 0.7728222 0.0 1224.25977515 107.657344793 0.0 
-6.427 7.145225 0.7651829 0.0 1231.40500015 108.422527693 0.0 
-6.394 7.145716 0.7585203 0.0 1238.55071615 109.181047993 0.0 
-6.36 7.152659 0.7529984 0.0 1245.70337515 109.934046393 0.0 
-6.327 7.166314 0.7489154 0.0 1252.86968915 110.682961793 0.0 
-6.294 7.186945 0.7462504 0.0 1260.05663415 111.429212193 0.0 
-6.26 7.214019 0.7451285 0.0 1267.27065315 112.174340693 0.0 
-6.227 7.246812 0.7454041 0.0 1274.51746515 112.919744793 0.0 
-6.193 7.283926 0.7470675 0.0 1281.80139115 113.666812293 0.0 
-6.16 7.324328 0.7498568 0.0 1289.12571915 114.416669093 0.0 
-6.126 7.365496 0.7535949 0.0 1296.49121515 115.170263993 0.0 
-6.093 7.406412 0.7580394 0.0 1303.89762715 115.928303393 0.0 
-6.06 7.444742 0.7628614 0.0 1311.34236915 116.691164793 0.0 
-6.026 7.479557 0.7678626 0.0 1318.82192615 117.459027393 0.0 
-5.993 7.509295 0.7727209 0.0 1326.33122115 118.231748293 0.0 
-5.959 7.532789 0.7772861 0.0 1333.86401015 119.009034393 0.0 
-5.926 7.550121 0.781347 0.0 1341.41413115 119.790381393 0.0 
-5.892 7.561815 0.7848385 0.0 1348.97594615 120.575219893 0.0 
-5.859 7.567728 0.7876864 0.0 1356.54367415 121.362906293 0.0 
-5.826 7.570302 0.790032 0.0 1364.11397615 122.152938293 0.0 
-5.792 7.57143 0.7918854 0.0 1371.68540615 122.944823693 0.0 
-5.759 7.57321 0.793562 0.0 1379.25861615 123.738385693 0.0 
-5.725 7.578706 0.7952544 0.0 1386.83732215 124.533640093 0.0 
-5.692 7.590339 0.797293 0.0 1394.42766115 125.330933093 0.0 
-5.658 7.611462 0.7999667 0.0 1402.03912315 126.130899793 0.0 
-5.625 7.643824 0.803567 0.0 1409.68294715 126.934466793 0.0 
-5.592 7.690598 0.808385 0.0 1417.37354515 127.742851793 0.0 
-5.558 7.752417 0.8147794 0.0 1425.12596215 128.557631193 0.0 
-5.525 7.83144 0.822831 0.0 1432.95740215 129.380462193 0.0 
-5.491 7.927391 0.832755 0.0 1440.88479315 130.213217193 0.0 
-5.458 8.040164 0.844624 0.0 1448.92495715 131.057841193 0.0 
-5.424 8.168537 0.858414 0.0 1457.09349415 131.916255193 0.0 
-5.391 8.311224 0.874069 0.0 1465.40471815 132.790324193 0.0 
-5.358 8.466348 0.891354 0.0 1473.87106615 133.681678193 0.0 
-5.324 8.631278 0.91016 0.0 1482.50234415 134.591838193 0.0 
-5.291 8.80182 0.930142 0.0 1491.30416415 135.521980193 0.0 
-5.257 8.97598 0.950952 0.0 1500.28014415 136.472932193 0.0 
-5.224 9.14911 0.972244 0.0 1509.42925415 137.445176193 0.0 
-5.19 9.31795 0.99352 0.0 1518.74720415 138.438696193 0.0 
-5.157 9.47841 1.014427 0.0 1528.22561415 139.453123193 0.0 
-5.124 9.62746 1.034394 0.0 1537.85307415 140.487517193 0.0 
-5.09 9.7617 1.053028 0.0 1547.61477415 141.540545193 0.0 
-5.057 9.87875 1.070069 0.0 1557.49352415 142.610614193 0.0 
-5.023 9.97666 1.085018 0.0 1567.47018415 143.695632193 0.0 
-4.99 10.05491 1.097758 0.0 1577.52509415 144.793390193 0.0 
-4.956 10.11259 1.108205 0.0 1587.63768415 145.901595193 0.0 
-4.923 10.15215 1.116287 0.0 1597.78983415 147.017882193 0.0 
-4.89 10.17519 1.122135 0.0 1607.96502415 148.140017193 0.0 
-4.856 10.18397 1.125959 0.0 1618.14899415 149.265976193 0.0 
-4.823 10.18334 1.128205 0.0 1628.33233415 150.394181193 0.0 
-4.789 10.1763 1.129152 0.0 1638.50863415 151.523333193 0.0 
-4.756 10.1682 1.129417 0.0 1648.67683415 152.652750193 0.0 
-4.722 10.16252 1.129435 0.0 1658.83935415 153.782185193 0.0 
-4.689 10.16378 1.129759 0.0 1669.00313415 154.911944193 0.0 
-4.656 10.17495 1.130717 0.0 1679.17808415 156.042661193 0.0 
-4.622 10.1996 1.132826 0.0 1689.37768415 157.175487193 0.0 
-4.589 10.2389 1.136412 0.0 1699.61658415 158.311899193 0.0 
-4.555 10.29394 1.141556 0.0 1709.91052415 159.453455193 0.0 
-4.522 10.36616 1.148575 0.0 1720.27668415 160.602030193 0.0 
-4.488 10.4539 1.157497 0.0 1730.73058415 161.759527193 0.0 
-4.455 10.55724 1.168125 0.0 1741.28782415 162.927652193 0.0 
-4.422 10.6748 1.180444 0.0 1751.96262415 164.108096193 0.0 
-4.388 10.80471 1.194398 0.0 1762.76733415 165.302494193 0.0 
-4.355 10.946 1.209546 0.0 1773.71333415 166.512040193 0.0 
-4.321 11.09583 1.225784 0.0 1784.80916415 167.737824193 0.0 
-4.288 11.2534 1.242756 0.0 1796.06256415 168.980580193 0.0 
-4.254 11.41567 1.260181 0.0 1807.47823415 170.240761193 0.0 
-4.221 11.5805 1.277643 0.0 1819.05873415 171.518404193 0.0 
-4.188 11.74634 1.29468 0.0 1830.80507415 172.813084193 0.0 
-4.154 11.90895 1.310938 0.0 1842.71402415 174.124022193 0.0 
-4.121 12.06491 1.326001 0.0 1854.77893415 175.450023193 0.0 
-4.087 12.21184 1.339307 0.0 1866.99077415 176.789330193 0.0 
-4.054 12.34523 1.350548 0.0 1879.33600415 178.139878193 0.0 
-4.02 12.46171 1.359053 0.0 1891.79771415 179.498931193 0.0 
-3.987 12.55613 1.364586 0.0 1904.35384415 180.863517193 0.0 
-3.954 12.62519 1.366647 0.0 1916.97903415 182.230164193 0.0 
-3.92 12.66637 1.364933 0.0 1929.64540415 183.595097193 0.0 
-3.887 12.67665 1.359314 0.0 1942.32205415 184.954411193 0.0 
-3.853 12.65284 1.349717 0.0 1954.97489415 186.304128193 0.0 
-3.82 12.59579 1.336046 0.0 1967.57068415 187.640174193 0.0 
-3.786 12.50371 1.318376 0.0 1980.07439415 188.958550193 0.0 
-3.753 12.37822 1.297014 0.0 1992.45261415 190.255564193 0.0 
-3.72 12.22021 1.272232 0.0 2004.67282415 191.527796193 0.0 
-3.686 12.03263 1.244359 0.0 2016.70545415 192.772155193 0.0 
-3.653 11.81792 1.213864 0.0 2028.52337415 193.986019193 0.0 
-3.619 11.57905 1.181074 0.0 2040.10242415 195.167093193 0.0 
-3.586 11.31882 1.146614 0.0 2051.42124415 196.313707193 0.0 
-3.552 11.04051 1.110721 0.0 2062.46175415 197.424428193 0.0 
-3.519 10.746 1.073756 0.0 2073.20775415 198.498184193 0.0 
-3.486 10.4384 1.036052 0.0 2083.64615415 199.534236193 0.0 
-3.452 10.11927 0.997865 0.0 2093.76542415 200.532101193 0.0 
-3.419 9.78847 0.959211 0.0 2103.55389415 201.491312193 0.0 
-3.385 9.44665 0.920264 0.0 2113.00054415 202.411576193 0.0 
-3.352 9.09392 0.88093 0.0 2122.09446415 203.292506193 0.0 
-3.318 8.72906 0.841235 0.0 2130.82352415 204.133741193 0.0 
-3.285 8.35216 0.801053 0.0 2139.17568415 204.934794193 0.0 
-3.252 7.96184 0.760277 0.0 2147.13752415 205.695071193 0.0 
-3.218 7.5584 0.718902 0.0 2154.69592415 206.413973193 0.0 
-3.185 7.14121 0.676864 0.0 2161.83713415 207.090837193 0.0 
-3.151 6.71168 0.634182 0.0 2168.54881415 207.725019193 0.0 
-3.118 6.27089 0.590912 0.0 2174.81970415 208.315931193 0.0 
-3.084 5.821412 0.547238 0.0 2180.64111615 208.863169193 0.0 
-3.051 5.366011 0.503421 0.0 2186.00712715 209.366590193 0.0 
-3.018 4.9088 0.4597565 0.0 2190.91592715 209.826346693 0.0 
-2.984 4.4544 0.4165912 0.0 2195.37032715 210.242937893 0.0 
-2.951 4.00737 0.3743416 0.0 2199.37769715 210.617279493 0.0 
-2.917 3.572317 0.3334014 0.0 2202.95001415 210.950680893 0.0 
-2.884 3.154433 0.2941864 0.0 2206.10444715 211.244867293 0.0 
-2.85 2.757945 0.2570596 0.0 2208.86239215 211.501926893 0.0 
-2.817 2.386607 0.2223559 0.0 2211.24899915 211.724282793 0.0 
-2.784 2.04339 0.1903335 0.0 2213.29238915 211.914616293 0.0 
-2.75 1.730546 0.1611834 0.0 2215.02293515 212.075799693 0.0 
-2.717 1.449228 0.1350033 0.0 2216.47216315 212.210802993 0.0 
-2.683 1.1997934 0.1118293 0.0 2217.67195655 212.322632293 0.0 
-2.65 0.9817971 0.0916128 0.0 2218.65375365 212.414245093 0.0 
-2.617 0.7939093 0.0742492 0.0 2219.44766295 212.488494293 0.0 
-2.583 0.6342741 0.05959019 0.0 2220.08193705 212.548084483 0.0 
-2.55 0.5006328 0.04744839 0.0 2220.58256985 212.595532873 0.0 
-2.516 0.3903069 0.0376304 0.0 2220.97287675 212.633163273 0.0 
-2.483 0.3005659 0.02995087 0.0 2221.27344265 212.663114143 0.0 
-2.449 0.2286589 0.02424523 0.0 2221.50210155 212.687359373 0.0 
-2.416 0.1718841 0.02039769 0.0 2221.67398565 212.707757063 0.0 
-2.383 0.12776485 0.01835091 0.0 2221.8017505 212.726107973 0.0 
-2.349 0.09404461 0.018124 0.0 2221.89579511 212.744231973 0.0 
-2.316 0.06875199 0.01983003 0.0 2221.9645471 212.764062003 0.0 
-2.282 0.0502041 0.02368449 0.0 2222.0147512 212.787746493 0.0 
-2.249 0.03699926 0.03002984 0.0 2222.05175046 212.817776333 0.0 
-2.215 0.02800612 0.03933035 0.0 2222.07975658 212.857106683 0.0 
-2.182 0.02234527 0.05218609 0.0 2222.10210185 212.909292773 0.0 
-2.149 0.01934664 0.06934317 0.0 2222.12144849 212.978635943 0.0 
-2.115 0.01852745 0.0916859 0.0 2222.13997594 213.070321843 0.0 
-2.082 0.019555511 0.12023762 0.0 2222.15953145 213.190559463 0.0 
-2.048 0.022226868 0.15612141 0.0 2222.18175832 213.346680873 0.0 
-2.015 0.02642561 0.20059101 0.0 2222.20818393 213.547271883 0.0 
-1.981 0.03210969 0.2549559 0.0 2222.24029362 213.802227783 0.0 
-1.948 0.03928755 0.320567 0.0 2222.27958117 214.122794783 0.0 
-1.915 0.04799666 0.3987704 0.0 2222.32757783 214.521565183 0.0 
-1.881 0.05829159 0.4908598 0.0 2222.38586942 215.012424983 0.0 
-1.848 0.07022702 0.5980438 0.0 2222.45609644 215.610468783 0.0 
-1.814 0.08386378 0.7213653 0.0 2222.53996022 216.331834083 0.0 
-1.781 0.09922348 0.861734 0.0 2222.6391837 217.193568083 0.0 
-1.747 0.11634833 1.019759 0.0 2222.75553203 218.213327083 0.0 
-1.714 0.1352428 1.1958051 0.0 2222.89077483 219.409132183 0.0 
-1.681 0.1558948 1.3901545 0.0 2223.04666963 220.799286683 0.0 
-1.647 0.1782844 1.6024825 0.0 2223.22495403 222.401769183 0.0 
-1.614 0.2024035 1.832493 0.0 2223.42735753 224.234262183 0.0 
-1.58 0.2282129 2.079626 0.0 2223.65557043 226.313888183 0.0 
-1.547 0.2556886 2.342971 0.0 2223.91125903 228.656859183 0.0 
-1.513 0.2848389 2.621559 0.0 2224.19609793 231.278418183 0.0 
-1.48 0.3156276 2.914114 0.0 2224.51172553 234.192532183 0.0 
-1.447 0.348079 3.219271 0.0 2224.85980453 237.411803183 0.0 
-1.413 0.3821925 3.535813 0.0 2225.24199703 240.947616183 0.0 
-1.38 0.4179742 3.862108 0.0 2225.65997123 244.809724183 0.0 
-1.346 0.4554051 4.196463 0.0 2226.11537633 249.006187183 0.0 
-1.313 0.4944782 4.537207 0.0 2226.60985453 253.543394183 0.0 
-1.279 0.5350617 4.882661 0.0 2227.14491623 258.426055183 0.0 
-1.246 0.577098 5.230496 0.0 2227.72201423 263.656551183 0.0 
-1.213 0.620379 5.578711 0.0 2228.34239323 269.235262183 0.0 
-1.179 0.664652 5.924828 0.0 2229.00704523 275.160090183 0.0 
-1.146 0.709645 6.267135 0.0 2229.71669023 281.427225183 0.0 
-1.112 0.755017 6.60253 0.0 2230.47170723 288.029755183 0.0 
-1.079 0.800377 6.92885 0.0 2231.27208423 294.958605183 0.0 
-1.045 0.845325 7.24326 0.0 2232.11740923 302.201865183 0.0 
-1.012 0.889387 7.54444 0.0 2233.00679623 309.746305183 0.0 
-0.979 0.932164 7.82973 0.0 2233.93896023 317.576035183 0.0 
-0.945 0.973367 8.09766 0.0 2234.91232723 325.673695183 0.0 
-0.912 1.012632 8.34683 0.0 2235.92495923 334.020525183 0.0 
-0.878 1.049722 8.57659 0.0 2236.97468123 342.597115183 0.0 
-0.845 1.084566 8.78684 0.0 2238.05924723 351.383955183 0.0 
-0.811 1.116999 8.97668 0.0 2239.17624623 360.360635183 0.0 
-0.778 1.147143 9.14807 0.0 2240.32338923 369.508705183 0.0 
-0.745 1.175096 9.30162 0.0 2241.49848523 378.810325183 0.0 
-0.711 1.201047 9.43809 0.0 2242.69953223 388.248415183 0.0 
-0.678 1.225396 9.56028 0.0 2243.92492823 397.808695183 0.0 
-0.644 1.248385 9.6699 0.0 2245.17331323 407.478595183 0.0 
-0.611 1.270445 9.76951 0.0 2246.44375823 417.248105183 0.0 
-0.577 1.29203 9.86198 0.0 2247.73578823 427.110085183 0.0 
-0.544 1.313426 9.95061 0.0 2249.04921423 437.060695183 0.0 
-0.511 1.335292 10.03761 0.0 2250.38450623 447.098305183 0.0 
-0.477 1.357873 10.12793 0.0 2251.74237923 457.226235183 0.0 
-0.444 1.381654 10.22249 0.0 2253.12403323 467.448725183 0.0 
-0.41 1.407036 10.32573 0.0 2254.53106923 477.774455183 0.0 
-0.377 1.43432 10.43998 0.0 2255.96538923 488.214435183 0.0 
-0.343 1.463577 10.56713 0.0 2257.42896623 498.781565183 0.0 
-0.31 1.495057 10.70864 0.0 2258.92402323 509.490205183 0.0 
-0.277 1.528691 10.86467 0.0 2260.45271423 520.354875183 0.0 
-0.243 1.564337 11.03566 0.0 2262.01705123 531.390535183 0.0 
-0.21 1.601789 11.21922 0.0 2263.61884023 542.609755183 0.0 
-0.176 1.640526 11.41327 0.0 2265.25936623 554.023025183 0.0 
-0.143 1.680067 11.61431 0.0 2266.93943323 565.637335183 0.0 
-0.109 1.719805 11.81797 0.0 2268.65923823 577.455305183 0.0 
-0.076 1.759003 12.01968 0.0 2270.41824123 589.474985183 0.0 
-0.043 1.797082 12.21469 0.0 2272.21532323 601.689675183 0.0 
-0.009 1.833172 12.39775 0.0 2274.04849523 614.087425183 0.0 
0.024 1.866632 12.56549 0.0 2275.91512723 626.652915183 0.0 
0.058 1.897105 12.7138 0.0 2277.81223223 639.366715183 0.0 
0.091 1.924208 12.83974 0.0 2279.73644023 652.206455183 0.0 
0.125 1.947554 12.94169 0.0 2281.68399423 665.148145183 0.0 
0.158 1.96743 13.02109 0.0 2283.65142423 678.169235183 0.0 
0.191 1.983696 13.07706 0.0 2285.63512023 691.246295183 0.0 
0.225 1.996882 13.11343 0.0 2287.63200223 704.359725183 0.0 
0.258 2.007326 13.13245 0.0 2289.63932823 717.492175183 0.0 
0.292 2.01565 13.13925 0.0 2291.65497823 730.631425183 0.0 
0.325 2.022391 13.13591 0.0 2293.67736923 743.767335183 0.0 
0.359 2.028133 13.12847 0.0 2295.70550223 756.895805183 0.0 
0.392 2.033372 13.12009 0.0 2297.73887423 770.015895183 0.0 
0.425 2.038496 13.11449 0.0 2299.77737023 783.130385183 0.0 
0.459 2.043929 13.1137 0.0 2301.82129923 796.244085183 0.0 
0.492 2.049604 13.11906 0.0 2303.87090323 809.363145183 0.0 
0.526 2.055629 13.13094 0.0 2305.92653223 822.494085183 0.0 
0.559 2.061913 13.14924 0.0 2307.98844523 835.643325183 0.0 
0.593 2.068168 13.17282 0.0 2310.05661323 848.816145183 0.0 
0.626 2.07404 13.19949 0.0 2312.13065323 862.015635183 0.0 
0.659 2.079227 13.22641 0.0 2314.20988023 875.242045183 0.0 
0.693 2.083268 13.25029 0.0 2316.29314823 888.492335183 0.0 
0.726 2.085881 13.26966 0.0 2318.37902923 901.761995183 0.0 
0.76 2.086659 13.28133 0.0 2320.46568823 915.043325183 0.0 
0.793 2.085334 13.28197 0.0 2322.55102223 928.325295183 0.0 
0.827 2.081941 13.27196 0.0 2324.63296323 941.597255183 0.0 
0.86 2.076267 13.24986 0.0 2326.70923023 954.847115183 0.0 
0.893 2.068461 13.21335 0.0 2328.77769123 968.060465183 0.0 
0.927 2.058585 13.16463 0.0 2330.83627623 981.225095183 0.0 
0.96 2.046963 13.10389 0.0 2332.88323923 994.328985183 0.0 
0.994 2.033945 13.03225 0.0 2334.91718423 1007.36123518 0.0 
1.027 2.019735 12.95105 0.0 2336.93691923 1020.31228518 0.0 
1.061 2.004842 12.86376 0.0 2338.94176123 1033.17604518 0.0 
1.094 1.989713 12.77131 0.0 2340.93147423 1045.94735518 0.0 
1.127 1.97481 12.67636 0.0 2342.90628423 1058.62371518 0.0 
1.161 1.960511 12.58143 0.0 2344.86679523 1071.20514518 0.0 
1.194 1.947211 12.49023 0.0 2346.81400623 1083.69537518 0.0 
1.228 1.935382 12.40308 0.0 2348.74938823 1096.09845518 0.0 
1.261 1.925331 12.32374 0.0 2350.67471923 1108.42219518 0.0 
1.295 1.917414 12.25404 0.0 2352.59213323 1120.67623518 0.0 
1.328 1.911813 12.19628 0.0 2354.50394623 1132.87251518 0.0 
1.361 1.908647 12.15103 0.0 2356.41259323 1145.02354518 0.0 
1.395 1.908048 12.12049 0.0 2358.32064123 1157.14403518 0.0 
1.428 1.910031 12.10451 0.0 2360.23067223 1169.24854518 0.0 
1.462 1.914405 12.1041 0.0 2362.14507723 1181.35264518 0.0 
1.495 1.921075 12.1183 0.0 2364.06615223 1193.47094518 0.0 
1.529 1.929718 12.1476 0.0 2365.99587023 1205.61854518 0.0 
1.562 1.940056 12.19082 0.0 2367.93592623 1217.80936518 0.0 
1.595 1.951675 12.2464 0.0 2369.88760123 1230.05576518 0.0 
1.629 1.964284 12.31316 0.0 2371.85188523 1242.36892518 0.0 
1.662 1.977354 12.38853 0.0 2373.82923923 1254.75745518 0.0 
1.696 1.990589 12.47147 0.0 2375.81982823 1267.22892518 0.0 
1.729 2.003371 12.55965 0.0 2377.82319923 1279.78857518 0.0 
1.763 2.015601 12.6489 0.0 2379.83880023 1292.43747518 0.0 
1.796 2.026759 12.73925 0.0 2381.86555923 1305.17672518 0.0 
1.829 2.036508 12.82693 0.0 2383.90206723 1318.00365518 0.0 
1.863 2.044765 12.91153 0.0 2385.94683223 1330.91518518 0.0 
1.896 2.051135 12.9897 0.0 2387.99796723 1343.90488518 0.0 
1.93 2.055761 13.06149 0.0 2390.05372823 1356.96637518 0.0 
1.963 2.058333 13.12526 0.0 2392.11206123 1370.09163518 0.0 
1.997 2.059028 13.18057 0.0 2394.17108923 1383.27220518 0.0 
2.03 2.057916 13.22682 0.0 2396.22900523 1396.49902518 0.0 
2.063 2.055225 13.26591 0.0 2398.28423023 1409.76493518 0.0 
2.097 2.051206 13.2976 0.0 2400.33543623 1423.06253518 0.0 
2.13 2.046122 13.32306 0.0 2402.38155823 1436.38559518 0.0 
2.164 2.040439 13.3458 0.0 2404.42199723 1449.73139518 0.0 
2.197 2.034498 13.36521 0.0 2406.45649523 1463.09660518 0.0 
2.231 2.028651 13.38473 0.0 2408.48514623 1476.48133518 0.0 
2.264 2.023375 13.40558 0.0 2410.50852123 1489.88691518 0.0 
2.297 2.018831 13.4291 0.0 2412.52735223 1503.31601518 0.0 
2.331 2.015324 13.45692 0.0 2414.54267623 1516.77293518 0.0 
2.364 2.013084 13.48931 0.0 2416.55576023 1530.26224518 0.0 
2.398 2.012039 13.52645 0.0 2418.56779923 1543.78869518 0.0 
2.431 2.011955 13.56821 0.0 2420.57975423 1557.35690518 0.0 
2.465 2.012827 13.6134 0.0 2422.59258123 1570.97030518 0.0 
2.498 2.014237 13.66091 0.0 2424.60681823 1584.63121518 0.0 
2.531 2.015879 13.70879 0.0 2426.62269723 1598.34000518 0.0 
2.565 2.017224 13.75532 0.0 2428.63992123 1612.09532518 0.0 
2.598 2.017747 13.79975 0.0 2430.65766823 1625.89507518 0.0 
2.632 2.017125 13.83821 0.0 2432.67479323 1639.73328518 0.0 
2.665 2.014933 13.8707 0.0 2434.68972623 1653.60398518 0.0 
2.699 2.010699 13.89536 0.0 2436.70042523 1667.49934518 0.0 
2.732 2.004288 13.91136 0.0 2438.70471323 1681.41070518 0.0 
2.765 1.995597 13.91776 0.0 2440.70031023 1695.32846518 0.0 
2.799 1.98453 13.91712 0.0 2442.68484023 1709.24558518 0.0 
2.832 1.97117 13.90698 0.0 2444.65601023 1723.15256518 0.0 
2.866 1.955809 13.89055 0.0 2446.61181923 1737.04311518 0.0 
2.899 1.938726 13.86901 0.0 2448.55054523 1750.91212518 0.0 
2.933 1.920159 13.84317 0.0 2450.47070423 1764.75529518 0.0 
2.966 1.900643 13.81529 0.0 2452.37134723 1778.57058518 0.0 
2.999 1.880502 13.78897 0.0 2454.25184923 1792.35955518 0.0 
3.033 1.860141 13.76409 0.0 2456.11199023 1806.12364518 0.0 
3.066 1.83994 13.74397 0.0 2457.95193023 1819.86761518 0.0 
3.1 1.820252 13.72926 0.0 2459.77218223 1833.59687518 0.0 
3.133 1.801468 13.72252 0.0 2461.57365023 1847.31939518 0.0 
3.167 1.783643 13.7235 0.0 2463.35729323 1861.04289518 0.0 
3.2 1.767217 13.73544 0.0 2465.12451023 1874.77833518 0.0 
3.233 1.752162 13.75679 0.0 2466.87667223 1888.53512518 0.0 
3.267 1.738862 13.78798 0.0 2468.61553423 1902.32310518 0.0 
3.3 1.727127 13.83035 0.0 2470.34266123 1916.15345518 0.0 
3.334 1.717253 13.88374 0.0 2472.05991423 1930.03719518 0.0 
3.367 1.709352 13.94716 0.0 2473.76926623 1943.98435518 0.0 
3.401 1.703349 14.02039 0.0 2475.47261523 1958.00474518 0.0 
3.434 1.699359 14.10323 0.0 2477.17197423 1972.10797518 0.0 
3.467 1.697413 14.19403 0.0 2478.86938723 1986.30200518 0.0 
3.501 1.697463 14.29254 0.0 2480.56685023 2000.59454518 0.0 
3.534 1.699448 14.3979 0.0 2482.26629823 2014.99244518 0.0 
3.568 1.703286 14.50736 0.0 2483.96958423 2029.49980518 0.0 
3.601 1.708828 14.62018 0.0 2485.67841223 2044.11998518 0.0 
3.634 1.715755 14.73402 0.0 2487.39416723 2058.85400518 0.0 
3.668 1.723883 14.84624 0.0 2489.11805023 2073.70024518 0.0 
3.701 1.73275 14.9552 0.0 2490.85080023 2088.65544518 0.0 
3.735 1.741999 15.05848 0.0 2492.59279923 2103.71392518 0.0 
3.768 1.751122 15.15217 0.0 2494.34392123 2118.86609518 0.0 
3.802 1.759625 15.23525 0.0 2496.10354623 2134.10134518 0.0 
3.835 1.767146 15.30572 0.0 2497.87069223 2149.40706518 0.0 
3.868 1.77318 15.36047 0.0 2499.64387223 2164.76753518 0.0 
3.902 1.777416 15.39855 0.0 2501.42128823 2180.16608518 0.0 
3.935 1.779525 15.42093 0.0 2503.20081323 2195.58701518 0.0 
3.969 1.779341 15.42639 0.0 2504.98015423 2211.01340518 0.0 
4.002 1.776859 15.41711 0.0 2506.75701323 2226.43051518 0.0 
4.036 1.77207 15.39459 0.0 2508.52908323 2241.82510518 0.0 
4.069 1.765028 15.36135 0.0 2510.29411123 2257.18645518 0.0 
4.102 1.756175 15.32059 0.0 2512.05028623 2272.50704518 0.0 
4.136 1.745864 15.27786 0.0 2513.79615023 2287.78490518 0.0 
4.169 1.734511 15.2341 0.0 2515.53066123 2303.01900518 0.0 
4.203 1.722563 15.19641 0.0 2517.25322423 2318.21541518 0.0 
4.236 1.710425 15.16687 0.0 2518.96364923 2333.38228518 0.0 
4.27 1.698704 15.14938 0.0 2520.66235323 2348.53166518 0.0 
4.303 1.687713 15.14691 0.0 2522.35006623 2363.67857518 0.0 
4.336 1.677836 15.16173 0.0 2524.02790223 2378.84030518 0.0 
4.37 1.66931 15.19515 0.0 2525.69721223 2394.03545518 0.0 
4.403 1.662275 15.24588 0.0 2527.35948723 2409.28133518 0.0 
4.437 1.656771 15.3141 0.0 2529.01625823 2424.59543518 0.0 
4.47 1.652898 15.39717 0.0 2530.66915623 2439.99260518 0.0 
4.504 1.65031 15.49266 0.0 2532.31946623 2455.48526518 0.0 
4.537 1.648921 15.59696 0.0 2533.96838723 2471.08222518 0.0 
4.57 1.64843 15.70595 0.0 2535.61681723 2486.78817518 0.0 
4.604 1.648532 15.81598 0.0 2537.26534923 2502.60415518 0.0 
4.637 1.648831 15.92233 0.0 2538.91418023 2518.52648518 0.0 
4.671 1.649128 16.02119 0.0 2540.56330823 2534.54767518 0.0 
4.704 1.64903 16.11028 0.0 2542.21233823 2550.65795518 0.0 
4.738 1.648408 16.18717 0.0 2543.86074623 2566.84512518 0.0 
4.771 1.646868 16.24841 0.0 2545.50761423 2583.09353518 0.0 
4.804 1.644471 16.29494 0.0 2547.15208523 2599.38847518 0.0 
4.838 1.64118 16.32708 0.0 2548.79326523 2615.71555518 0.0 
4.871 1.636963 16.34619 0.0 2550.43022823 2632.06174518 0.0 
4.905 1.631862 16.35476 0.0 2552.06209023 2648.41650518 0.0 
4.938 1.625971 16.3542 0.0 2553.68806123 2664.77070518 0.0 
4.972 1.619598 16.35032 0.0 2555.30765923 2681.12102518 0.0 
5.005 1.612741 16.34491 0.0 2556.92040023 2697.46593518 0.0 
5.038 1.605597 16.34133 0.0 2558.52599723 2713.80726518 0.0 
5.072 1.598302 16.34406 0.0 2560.12429923 2730.15132518 0.0 
5.105 1.59106 16.3541 0.0 2561.71535923 2746.50542518 0.0 
5.139 1.583768 16.37344 0.0 2563.29912723 2762.87886518 0.0 
5.172 1.576561 16.40233 0.0 2564.87568823 2779.28119518 0.0 
5.206 1.569316 16.44228 0.0 2566.44500423 2795.72347518 0.0 
5.239 1.562032 16.49152 0.0 2568.00703623 2812.21499518 0.0 
5.272 1.554486 16.54664 0.0 2569.56152223 2828.76163518 0.0 
5.306 1.546594 16.60703 0.0 2571.10811623 2845.36866518 0.0 
5.339 1.538286 16.66883 0.0 2572.64640223 2862.03749518 0.0 
5.373 1.529193 16.7288 0.0 2574.17559523 2878.76629518 0.0 
5.406 1.519327 16.78292 0.0 2575.69492223 2895.54921518 0.0 
5.44 1.508469 16.82793 0.0 2577.20339123 2912.37714518 0.0 
5.473 1.496504 16.86075 0.0 2578.69989523 2929.23789518 0.0 
5.506 1.483371 16.87876 0.0 2580.18326623 2946.11665518 0.0 
5.54 1.469106 16.87973 0.0 2581.65237223 2962.99638518 0.0 
5.573 1.453623 16.86312 0.0 2583.10599523 2979.85950518 0.0 
5.607 1.437126 16.82798 0.0 2584.54312123 2996.68748518 0.0 
5.64 1.419668 16.7751 0.0 2585.96278923 3013.46258518 0.0 
5.674 1.401477 16.70705 0.0 2587.36426623 3030.16963518 0.0 
5.707 1.382865 16.62479 0.0 2588.74713123 3046.79442518 0.0 
5.74 1.363976 16.53313 0.0 2590.11110723 3063.32755518 0.0 
5.774 1.345162 16.4341 0.0 2591.45626923 3079.76165518 0.0 
5.807 1.3268 16.33385 0.0 2592.78306923 3096.09550518 0.0 
5.841 1.309117 16.23439 0.0 2594.09218623 3112.32989518 0.0 
5.874 1.292535 16.14245 0.0 2595.38472123 3128.47234518 0.0 
5.908 1.277194 16.06138 0.0 2596.66191523 3144.53372518 0.0 
5.941 1.263447 15.99359 0.0 2597.92536223 3160.52731518 0.0 
5.974 1.251429 15.94373 0.0 2599.17679123 3176.47104518 0.0 
6.008 1.241297 15.91135 0.0 2600.41808823 3192.38239518 0.0 
6.041 1.233003 15.89821 0.0 2601.65109123 3208.28060518 0.0 
6.075 1.226638 15.90595 0.0 2602.87772923 3224.18655518 0.0 
6.108 1.222056 15.92905 0.0 2604.09978523 3240.11560518 0.0 
6.142 1.218985 15.96762 0.0 2605.31877023 3256.08322518 0.0 
6.175 1.217293 16.01796 0.0 2606.53606323 3272.10118518 0.0 
6.208 1.21664 16.07552 0.0 2607.75270323 3288.17670518 0.0 
6.242 1.216699 16.13647 0.0 2608.96940223 3304.31317518 0.0 
6.275 1.2172 16.19647 0.0 2610.18660223 3320.50964518 0.0 
6.309 1.217757 16.25112 0.0 2611.40435923 3336.76076518 0.0 
6.342 1.218035 16.29676 0.0 2612.62239423 3353.05752518 0.0 
6.376 1.217868 16.32919 0.0 2613.84026223 3369.38671518 0.0 
6.409 1.217038 16.34752 0.0 2615.05730023 3385.73423518 0.0 
6.442 1.215396 16.35039 0.0 2616.27269623 3402.08462518 0.0 
6.476 1.212866 16.33625 0.0 2617.48556223 3418.42087518 0.0 
6.509 1.209481 16.30758 0.0 2618.69504323 3434.72845518 0.0 
6.543 1.205332 16.26435 0.0 2619.90037523 3450.99280518 0.0 
6.576 1.200512 16.20914 0.0 2621.10088723 3467.20194518 0.0 
6.61 1.195177 16.14309 0.0 2622.29606423 3483.34503518 0.0 
6.643 1.189488 16.06942 0.0 2623.48555223 3499.41445518 0.0 
6.676 1.183745 15.99161 0.0 2624.66929723 3515.40606518 0.0 
6.71 1.177898 15.91027 0.0 2625.84719523 3531.31633518 0.0 
6.743 1.17223 15.82831 0.0 2627.01942523 3547.14464518 0.0 
6.777 1.166832 15.74757 0.0 2628.18625723 3562.89221518 0.0 
6.81 1.161724 15.66819 0.0 2629.34798123 3578.56040518 0.0 
6.844 1.156983 15.5921 0.0 2630.50496423 3594.15250518 0.0 
6.877 1.152558 15.51918 0.0 2631.65752223 3609.67168518 0.0 
6.91 1.148376 15.4497 0.0 2632.80589823 3625.12138518 0.0 
6.944 1.144435 15.38448 0.0 2633.95033323 3640.50586518 0.0 
6.977 1.140535 15.32246 0.0 2635.09086823 3655.82832518 0.0 
7.011 1.136664 15.26378 0.0 2636.22753223 3671.09210518 0.0 
7.044 1.132648 15.20916 0.0 2637.36018023 3686.30126518 0.0 
7.078 1.128506 15.15702 0.0 2638.48868623 3701.45828518 0.0 
7.111 1.124116 15.10851 0.0 2639.61280223 3716.56679518 0.0 
7.144 1.119453 15.06201 0.0 2640.73225523 3731.62880518 0.0 
7.178 1.114533 15.01766 0.0 2641.84678823 3746.64646518 0.0 
7.211 1.10943 14.97475 0.0 2642.95621823 3761.62121518 0.0 
7.245 1.104078 14.93314 0.0 2644.06029623 3776.55435518 0.0 
7.278 1.098639 14.89114 0.0 2645.15893523 3791.44549518 0.0 
7.312 1.093275 14.84876 0.0 2646.25221023 3806.29425518 0.0 
7.345 1.088062 14.80517 0.0 2647.34027223 3821.09942518 0.0 
7.378 1.083206 14.75989 0.0 2648.42347823 3835.85931518 0.0 
7.412 1.078764 14.71296 0.0 2649.50224223 3850.57227518 0.0 
7.445 1.075056 14.66502 0.0 2650.57729823 3865.23729518 0.0 
7.479 1.072118 14.61514 0.0 2651.64941623 3879.85243518 0.0 
7.512 1.07022 14.56541 0.0 2652.71963623 3894.41784518 0.0 
7.546 1.069493 14.5176 0.0 2653.78912923 3908.93544518 0.0 
7.579 1.070083 14.4723 0.0 2654.85921223 3923.40774518 0.0 
7.612 1.07207 14.43118 0.0 2655.93128223 3937.83892518 0.0 
7.646 1.075551 14.39642 0.0 2657.00683323 3952.23534518 0.0 
7.679 1.080555 14.36838 0.0 2658.08738823 3966.60372518 0.0 
7.713 1.087028 14.34929 0.0 2659.17441623 3980.95301518 0.0 
7.746 1.094947 14.33998 0.0 2660.26936323 3995.29299518 0.0 
7.78 1.104154 14.34043 0.0 2661.37351723 4009.63342518 0.0 
7.813 1.11454 14.34978 0.0 2662.48805723 4023.98320518 0.0 
7.846 1.125907 14.36808 0.0 2663.61396423 4038.35128518 0.0 
7.88 1.137941 14.39599 0.0 2664.75190523 4052.74727518 0.0 
7.913 1.150555 14.42875 0.0 2665.90246023 4067.17602518 0.0 
7.947 1.163381 14.46635 0.0 2667.06584123 4081.64237518 0.0 
7.98 1.17623 14.50709 0.0 2668.24207123 4096.14946518 0.0 
8.014 1.188803 14.54829 0.0 2669.43087423 4110.69775518 0.0 
8.047 1.200837 14.58894 0.0 2670.63171123 4125.28669518 0.0 
8.08 1.212147 14.62637 0.0 2671.84385823 4139.91306518 0.0 
8.114 1.222509 14.65998 0.0 2673.06636723 4154.57304518 0.0 
8.147 1.231785 14.68866 0.0 2674.29815223 4169.26170518 0.0 
8.181 1.23987 14.71172 0.0 2675.53802223 4183.97342518 0.0 
8.214 1.246648 14.7285 0.0 2676.78467023 4198.70192518 0.0 
8.248 1.252043 14.73854 0.0 2678.03671323 4213.44046518 0.0 
8.281 1.255903 14.74313 0.0 2679.29261623 4228.18359518 0.0 
8.314 1.258358 14.74141 0.0 2680.55097423 4242.92500518 0.0 
8.348 1.259262 14.73422 0.0 2681.81023623 4257.65922518 0.0 
8.381 1.258758 14.72198 0.0 2683.06899423 4272.38120518 0.0 
8.415 1.256757 14.70526 0.0 2684.32575123 4287.08646518 0.0 
8.448 1.253487 14.68283 0.0 2685.57923823 4301.76929518 0.0 
8.482 1.248865 14.65636 0.0 2686.82810323 4316.42565518 0.0 
8.515 1.243065 14.62463 0.0 2688.07116823 4331.05028518 0.0 
8.548 1.236084 14.58766 0.0 2689.30725223 4345.63794518 0.0 
8.582 1.228148 14.54395 0.0 2690.53540023 4360.18189518 0.0 
8.615 1.219286 14.49392 0.0 2691.75468623 4374.67581518 0.0 
8.649 1.209617 14.43564 0.0 2692.96430323 4389.11145518 0.0 
8.682 1.199187 14.36947 0.0 2694.16349023 4403.48092518 0.0 
8.716 1.188136 14.29212 0.0 2695.35162623 4417.77304518 0.0 
8.749 1.176497 14.20351 0.0 2696.52812323 4431.97655518 0.0 
8.782 1.164293 14.10092 0.0 2697.69241623 4446.07747518 0.0 
8.816 1.151372 13.98156 0.0 2698.84378823 4460.05903518 0.0 
8.849 1.137823 13.84484 0.0 2699.98161123 4473.90387518 0.0 
8.883 1.123428 13.6866 0.0 2701.10503923 4487.59047518 0.0 
8.916 1.107982 13.50455 0.0 2702.21302123 4501.09502518 0.0 
8.95 1.091304 13.29622 0.0 2703.30432523 4514.39124518 0.0 
8.983 1.073052 13.05932 0.0 2704.37737723 4527.45056518 0.0 
9.016 1.053058 12.79091 0.0 2705.43043523 4540.24147518 0.0 
9.05 1.031074 12.48806 0.0 2706.46150923 4552.72953518 0.0 
9.083 1.006667 12.15101 0.0 2707.46817623 4564.88054518 0.0 
9.117 0.97981 11.77781 0.0 2708.44798623 4576.65835518 0.0 
9.15 0.950218 11.3685 0.0 2709.39820423 4588.02685518 0.0 
9.184 0.917793 10.92415 0.0 2710.31599723 4598.95100518 0.0 
9.217 0.88252 10.44711 0.0 2711.19851723 4609.39811518 0.0 
9.25 0.844492 9.93903 0.0 2712.04300923 4619.33714518 0.0 
9.284 0.803862 9.40372 0.0 2712.84687123 4628.74086518 0.0 
9.317 0.760816 8.84609 0.0 2713.60768723 4637.58695518 0.0 
9.351 0.7157577 8.2706 0.0 2714.32344493 4645.85755518 0.0 
9.384 0.6690552 7.68319 0.0 2714.99250013 4653.54074518 0.0 
9.418 0.6211794 7.08997 0.0 2715.61367953 4660.63071518 0.0 
9.451 0.5726091 6.49713 0.0 2716.18628863 4667.12784518 0.0 
9.484 0.5239668 5.91045 0.0 2716.71025543 4673.03829518 0.0 
9.518 0.4757429 5.3363 0.0 2717.18599833 4678.37459518 0.0 
9.551 0.428501 4.78049 0.0 2717.61449933 4683.15508518 0.0 
9.585 0.3827447 4.24811 0.0 2717.99724403 4687.40319518 0.0 
9.618 0.338941 3.743436 0.0 2718.33618503 4691.14663118 0.0 
9.651 0.297497 3.270291 0.0 2718.63368203 4694.41692218 0.0 
9.685 0.2587252 2.831622 0.0 2718.89240723 4697.24854418 0.0 
9.718 0.22291046 2.429458 0.0 2719.11531769 4699.67800218 0.0 
9.752 0.19019481 2.064897 0.0 2719.3055125 4701.74289918 0.0 
9.785 0.16068091 1.738055 0.0 2719.46619341 4703.48095418 0.0 
9.819 0.13437927 1.448575 0.0 2719.60057268 4704.92952918 0.0 
9.852 0.11122022 1.195072 0.0 2719.7117929 4706.12460118 0.0 
9.885 0.09108559 0.975778 0.0 2719.80287849 4707.10037918 0.0 
9.919 0.07379422 0.788311 0.0 2719.87667271 4707.88869018 0.0 
9.952 0.0591322 0.6300502 0.0 2719.93580491 4708.51874038 0.0 
9.986 0.04685847 0.4980353 0.0 2719.98266338 4709.01677568 0.0 
10.019 0.03671107 0.3892824 0.0 2720.01937445 4709.40605808 0.0 
10.053 0.028434835 0.3008552 0.0 2720.04780928 4709.70691328 0.0 
10.086 0.021767559 0.229849 0.0 2720.06957684 4709.93676228 0.0 
10.119 0.016468679 0.1735561 0.0 2720.08604552 4710.11031838 0.0 
10.153 0.012311149 0.1295058 0.0 2720.09835667 4710.23982418 0.0 
10.186 0.009092449 0.09548883 0.0 2720.10744912 4710.33531301 0.0 
10.22 0.00663408 0.06956165 0.0 2720.1140832 4710.40487466 0.0 
10.253 0.004781144 0.0500535 0.0 2720.11886434 4710.45492816 0.0 
10.287 0.0034032425 0.0355757 0.0 2720.12226759 4710.49050386 0.0 
10.32 0.0023922678 0.02497483 0.0 2720.12465985 4710.51547869 0.0 
10.353 0.0016605443 0.01731261 0.0 2720.1263204 4710.5327913 0.0 
10.387 0.0011381084 0.011851447 0.0 2720.12745851 4710.54464275 0.0 
10.42 0.0007700981 0.008009784 0.0 2720.1282286 4710.55265253 0.0 
10.454 0.0005144482 0.005344822 0.0 2720.12874305 4710.55799736 0.0 
10.487 0.00033924989 0.003520868 0.0 2720.1290823 4710.56151822 0.0 
10.521 0.0002208232 0.002289516 0.0 2720.12930313 4710.56380774 0.0 
10.554 0.00014187062 0.0014695545 0.0 2720.129445 4710.56527729 0.0 
10.587 8.996157e-05 0.0009310323 0.0 2720.12953496 4710.56620833 0.0 
10.621 5.630481e-05 0.0005821693 0.0 2720.12959126 4710.5667905 0.0 
10.654 3.4775806e-05 0.000359246 0.0 2720.12962604 4710.56714974 0.0 
10.688 2.1196094e-05 0.0002187715 0.0 2720.12964723 4710.56736851 0.0 
10.721 1.2747633e-05 0.00013148134 0.0 2720.12965998 4710.5675 0.0 
10.755 7.565679e-06 7.797342e-05 0.0 2720.12966755 4710.56757797 0.0 
10.788 4.430393e-06 4.563e-05 0.0 2720.12967198 4710.5676236 0.0 
10.821 2.5598726e-06 2.634619e-05 0.0 2720.12967454 4710.56764995 0.0 
10.855 1.4593379e-06 1.5010252e-05 0.0 2720.129676 4710.56766496 0.0 
10.888 8.20854e-07 8.437355e-06 0.0 2720.12967682 4710.56767339 0.0 
10.922 4.5549593e-07 4.67916e-06 0.0 2720.12967727 4710.56767807 0.0 
10.955 2.4936323e-07 2.5603837e-06 0.0 2720.12967752 4710.56768063 0.0 
10.989 1.3468698e-07 1.3820936e-06 0.0 2720.12967766 4710.56768201 0.0 
11.022 7.1761995e-08 7.360156e-07 0.0 2720.12967773 4710.56768275 0.0 
11.055 3.7721606e-08 3.86707e-07 0.0 2720.12967777 4710.56768314 0.0 
11.089 1.9560412e-08 2.0041185e-07 0.0 2720.12967779 4710.56768334 0.0 
11.122 1.0005086e-08 1.0246718e-07 0.0 2720.1296778 4710.56768344 0.0 
11.156 5.0484703e-09 5.168007e-08 0.0 2720.1296778 4710.56768349 0.0 
11.189 2.5129115e-09 2.5713249e-08 0.0 2720.1296778 4710.56768352 0.0 
11.223 1.2336969e-09 1.2619278e-08 0.0 2720.12967781 4710.56768353 0.0 
11.256 5.9753666e-10 6.108988e-09 0.0 2720.12967781 4710.56768354 0.0 
11.289 2.8543328e-10 2.9172993e-09 0.0 2720.12967781 4710.56768354 0.0 
11.323 1.344937e-10 1.3740853e-09 0.0 2720.12967781 4710.56768354 0.0 
11.356 6.2515391e-11 6.384483e-10 0.0 2720.12967781 4710.56768354 0.0 
11.39 2.8659192e-11 2.9260601e-10 0.0 2720.12967781 4710.56768354 0.0 
11.423 1.2966674e-11 1.3231181e-10 0.0 2720.12967781 4710.56768354 0.0 
11.457 5.7996927e-12 5.908884e-11 0.0 2720.12967781 4710.56768354 0.0 
11.49 2.5918552e-12 2.6229098e-11 0.0 2720.12967781 4710.56768354 0.0 
11.523 1.2218972e-12 1.1959082e-11 0.0 2720.12967781 4710.56768354 0.0 
11.557 7.515444e-13 6.480972e-12 0.0 2720.12967781 4710.56768354 0.0 
11.59 8.4833948e-13 5.908394e-12 0.0 2720.12967781 4710.56768354 0.0 
11.624 1.56831251e-12 9.718416e-12 0.0 2720.12967781 4710.56768354 0.0 
11.657 3.38657928e-12 2.0374965e-11 0.0 2720.12967781 4710.56768354 0.0 
11.691 7.47426653e-12 4.470829e-11 0.0 2720.12967781 4710.56768354 0.0 
11.724 1.637804566e-11 9.786645e-11 0.0 2720.12967781 4710.56768354 0.0 
11.757 3.54374522e-11 2.1171073e-10 0.0 2720.12967781 4710.56768354 0.0 
11.791 7.56273248e-11 4.517863e-10 0.0 2720.12967781 4710.56768354 0.0 
11.824 1.591642496e-10 9.508903e-10 0.0 2720.12967781 4710.56768354 0.0 
11.858 3.30355404e-10 1.9735888e-09 0.0 2720.12967781 4710.56768355 0.0 
11.891 6.76206017e-10 4.039577e-09 0.0 2720.12967781 4710.56768355 0.0 
11.925 1.364801991e-09 8.153213e-09 0.0 2720.12967781 4710.56768356 0.0 
11.958 2.71662906e-09 1.6228912e-08 0.0 2720.12967781 4710.56768357 0.0 
11.991 5.33234485e-09 3.185411e-08 0.0 2720.12967782 4710.56768361 0.0 
12.025 1.032172369e-08 6.166153e-08 0.0 2720.12967783 4710.56768367 0.0 
12.058 1.970212545e-08 1.1770224e-07 0.0 2720.12967785 4710.56768378 0.0 
12.092 3.7088816e-08 2.2155976e-07 0.0 2720.12967788 4710.56768401 0.0 
12.125 6.88495274e-08 4.112919e-07 0.0 2720.12967795 4710.56768442 0.0 
12.159 1.260344118e-07 7.529121e-07 0.0 2720.12967808 4710.56768517 0.0 
12.192 2.27510752e-07 1.3591982e-06 0.0 2720.12967831 4710.56768653 0.0 
12.225 4.05045661e-07 2.419712e-06 0.0 2720.12967871 4710.56768895 0.0 
12.259 7.11081141e-07 4.248116e-06 0.0 2720.12967942 4710.5676932 0.0 
12.292 1.231091095e-06 7.354295e-06 0.0 2720.12968065 4710.56770055 0.0 
12.326 2.101738302e-06 1.2555188e-05 0.0 2720.12968276 4710.56771311 0.0 
12.359 3.53848474e-06 2.1138745e-05 0.0 2720.12968629 4710.56773425 0.0 
12.393 5.87476805e-06 3.509541e-05 0.0 2720.12969217 4710.56776934 0.0 
12.426 9.61858688e-06 5.746284e-05 0.0 2720.12970179 4710.5678268 0.0 
12.459 1.553043697e-05 9.277989e-05 0.0 2720.12971732 4710.56791958 0.0 
12.493 2.472892542e-05 0.00014772074 0.0 2720.12974205 4710.5680673 0.0 
12.526 3.88262577e-05 0.00023194775 0.0 2720.12978087 4710.56829925 0.0 
12.56 6.01194867e-05 0.0003591446 0.0 2720.12984099 4710.5686584 0.0 
12.593 9.17995989e-05 0.0005484008 0.0 2720.12993279 4710.5692068 0.0 
12.627 0.0001382374489 0.0008257931 0.0 2720.13007103 4710.57003259 0.0 
12.66 0.0002052653323 0.0012262204 0.0 2720.1302763 4710.57125881 0.0 
12.693 0.000300590319 0.001795678 0.0 2720.13057689 4710.57305449 0.0 
12.727 0.000434071553 0.002593096 0.0 2720.13101096 4710.57564759 0.0 
12.76 0.000618139153 0.003692764 0.0 2720.1316291 4710.57934035 0.0 
12.794 0.000868060536 0.005185925 0.0 2720.13249716 4710.58452627 0.0 
12.827 0.001202183414 0.007181895 0.0 2720.13369934 4710.59170817 0.0 
12.861 0.001641927409 0.009808077 0.0 2720.13534127 4710.60151625 0.0 
12.894 0.002211103944 0.013209475 0.0 2720.13755237 4710.61472572 0.0 
12.927 0.00293665388 0.017543723 0.0 2720.14048903 4710.63226944 0.0 
12.961 0.00384626933 0.022977387 0.0 2720.14433529 4710.65524683 0.0 
12.994 0.00496762685 0.02967631 0.0 2720.14930292 4710.68492314 0.0 
13.028 0.00632718559 0.03779773 0.0 2720.15563011 4710.72272087 0.0 
13.061 0.00794735403 0.04747488 0.0 2720.16357746 4710.77019575 0.0 
13.095 0.00984359534 0.05880294 0.0 2720.17342106 4710.82899869 0.0 
13.128 0.01202348615 0.07182851 0.0 2720.18544454 4710.9008272 0.0 
13.161 0.01448232393 0.08652281 0.0 2720.19992687 4710.98735001 0.0 
13.195 0.01720362832 0.10277224 0.0 2720.21713049 4711.09012225 0.0 
13.228 0.02015205058 0.12039073 0.0 2720.23728255 4711.21051298 0.0 
13.262 0.02327899514 0.13907188 0.0 2720.26056154 4711.34958486 0.0 
13.295 0.0265189393 0.15842276 0.0 2720.28708048 4711.50800762 0.0 
13.329 0.0297909628 0.17796806 0.0 2720.31687144 4711.68597568 0.0 
13.362 0.0330018062 0.1971573 0.0 2720.34987325 4711.88313298 0.0 
13.395 0.036053742 0.21538866 0.0 2720.38592699 4712.09852164 0.0 
13.429 0.0388421387 0.23203879 0.0 2720.42476913 4712.33056043 0.0 
13.462 0.0412679601 0.24652714 0.0 2720.46603709 4712.57708757 0.0 
13.496 0.0432367817 0.2582822 0.0 2720.50927387 4712.83536977 0.0 
13.529 0.0446706842 0.2668479 0.0 2720.55394456 4713.10221767 0.0 
13.563 0.0455116154 0.2718795 0.0 2720.59945617 4713.37409717 0.0 
13.596 0.0457271853 0.2731655 0.0 2720.64518336 4713.64726267 0.0 
13.629 0.0453083586 0.2706621 0.0 2720.69049172 4713.91792477 0.0 
13.663 0.0442691126 0.2644609 0.0 2720.73476083 4714.18238567 0.0 
13.696 0.0426569704 0.254823 0.0 2720.7774178 4714.43720867 0.0 
13.73 0.0405353772 0.24213346 0.0 2720.81795318 4714.67934213 0.0 
13.763 0.0379804924 0.22689071 0.0 2720.85593367 4714.90623284 0.0 
13.797 0.0350990063 0.20966235 0.0 2720.89103267 4715.11589519 0.0 
13.83 0.0319808183 0.19105554 0.0 2720.92301349 4715.30695073 0.0 
13.863 0.028739603 0.17169482 0.0 2720.9517531 4715.47864555 0.0 
13.897 0.02546943628 0.15215083 0.0 2720.97722253 4715.63079638 0.0 
13.93 0.02225697 0.13296205 0.0 2720.9994795 4715.76375843 0.0 
13.964 0.01918170524 0.11458732 0.0 2721.01866121 4715.87834575 0.0 
13.997 0.01630132664 0.09738539 0.0 2721.03496253 4715.97573114 0.0 
14.031 0.01366146956 0.08161578 0.0 2721.048624 4716.05734692 0.0 
14.064 0.01129128902 0.06745242 0.0 2721.05991529 4716.12479934 0.0 
14.097 0.00920269047 0.05497478 0.0 2721.06911798 4716.17977412 0.0 
14.131 0.00739654921 0.04418372 0.0 2721.07651453 4716.22395784 0.0 
14.164 0.0058622548 0.03502195 0.0 2721.08237679 4716.25897979 0.0 
14.198 0.00458201826 0.02737285 0.0 2721.0869588 4716.28635264 0.0 
14.231 0.00353154071 0.021098539 0.0 2721.09049035 4716.30745118 0.0 
14.265 0.00268447487 0.016037355 0.0 2721.09317482 4716.32348854 0.0 
14.298 0.002012212427 0.012020825 0.0 2721.09518703 4716.33550936 0.0 
14.331 0.001487418944 0.008885621 0.0 2721.09667445 4716.34439498 0.0 
14.365 0.00108424489 0.006477148 0.0 2721.0977587 4716.35087213 0.0 
14.398 0.000779412884 0.004656101 0.0 2721.09853811 4716.35552823 0.0 
14.432 0.00055249578 0.003300719 0.0 2721.09909061 4716.35882895 0.0 
14.465 0.000386246519 0.0023074236 0.0 2721.09947685 4716.36113637 0.0 
14.499 0.000266269281 0.0015907132 0.0 2721.09974312 4716.36272709 0.0 
14.532 0.0001810223748 0.0010813743 0.0 2721.09992414 4716.36380846 0.0 
14.565 0.0001213605398 0.0007249654 0.0 2721.1000455 4716.36453343 0.0 
14.599 8.02324093e-05 0.0004792864 0.0 2721.10012574 4716.36501271 0.0 
14.632 5.23093546e-05 0.0003124799 0.0 2721.10017805 4716.36532519 0.0 
14.666 3.36306616e-05 0.00020090772 0.0 2721.10021168 4716.3655261 0.0 
14.699 2.132335459e-05 0.00012737947 0.0 2721.100233 4716.36565348 0.0 
14.733 1.333190809e-05 7.964249e-05 0.0 2721.10024633 4716.36573312 0.0 
14.766 8.22026179e-06 4.910581e-05 0.0 2721.10025455 4716.36578223 0.0 
14.799 4.99826327e-06 2.985711e-05 0.0 2721.10025955 4716.36581208 0.0 
14.833 2.99691085e-06 1.7903509e-05 0.0 2721.10026255 4716.36582999 0.0 
14.866 1.772071911e-06 1.0586109e-05 0.0 2721.10026432 4716.36584057 0.0 
14.9 1.033334803e-06 6.172991e-06 0.0 2721.10026535 4716.36584675 0.0 
14.933 5.9419391e-07 3.549617e-06 0.0 2721.10026595 4716.3658503 0.0 
14.967 3.36943279e-07 2.0129337e-06 0.0 2721.10026628 4716.36585231 0.0 
15.0 1.884275963e-07 1.1256342e-06 0.0 2721.10026647 4716.36585344 0.0 
15.033 1.039050355e-07 6.207308e-07 0.0 2721.10026658 4716.36585406 0.0 
15.067 5.65045338e-08 3.375653e-07 0.0 2721.10026663 4716.36585439 0.0 
15.1 3.03045538e-08 1.8103199e-07 0.0 2721.10026666 4716.36585457 0.0 
15.134 1.602648048e-08 9.574098e-08 0.0 2721.10026668 4716.36585467 0.0 
15.167 8.35814552e-09 4.992868e-08 0.0 2721.10026669 4716.36585472 0.0 
15.201 4.29856997e-09 2.567944e-08 0.0 2721.10026669 4716.36585475 0.0 
15.234 2.180195704e-09 1.3024004e-08 0.0 2721.10026669 4716.36585476 0.0 
15.267 1.090388793e-09 6.514075e-09 0.0 2721.10026669 4716.36585477 0.0 
15.301 5.37813603e-10 3.212874e-09 0.0 2721.1002667 4716.36585477 0.0 
15.334 2.61584396e-10 1.5626639e-09 0.0 2721.1002667 4716.36585477 0.0 
15.368 1.254651376e-10 7.495451e-10 0.0 2721.1002667 4716.36585477 0.0 
15.401 5.93480228e-11 3.54531e-10 0.0 2721.1002667 4716.36585477 0.0 
15.435 2.76810624e-11 1.6537247e-10 0.0 2721.1002667 4716.36585477 0.0 
15.468 1.273265888e-11 7.606642e-11 0.0 2721.1002667 4716.36585477 0.0 
15.501 5.77612696e-12 3.450482e-11 0.0 2721.1002667 4716.36585477 0.0 
15.535 2.58371177e-12 1.5435481e-11 0.0 2721.1002667 4716.36585477 0.0 
15.568 1.139816214e-12 6.809409e-12 0.0 2721.1002667 4716.36585477 0.0 
15.602 4.95797691e-13 2.961775e-12 0.0 2721.1002667 4716.36585477 0.0 
15.635 2.127122679e-13 1.2706786e-12 0.0 2721.1002667 4716.36585477 0.0 
15.669 8.99756098e-14 5.374871e-13 0.0 2721.1002667 4716.36585477 0.0 
15.702 3.74980536e-14 2.2401925e-13 0.0 2721.1002667 4716.36585477 0.0 
15.735 1.551699451e-14 9.269673e-14 0.0 2721.1002667 4716.36585477 0.0 
15.769 6.25004029e-15 3.733687e-14 0.0 2721.1002667 4716.36585477 0.0 
15.802 2.478482544e-15 1.4805749e-14 0.0 2721.1002667 4716.36585477 0.0 
15.836 9.69806478e-16 5.793644e-15 0.0 2721.1002667 4716.36585477 0.0 
15.869 4.31024041e-16 2.574896e-15 0.0 2721.1002667 4716.36585477 0.0 
15.902 1.077567734e-16 6.437486e-16 0.0 2721.1002667 4716.36585477 0.0 
15.936 1.077567734e-16 6.437486e-16 0.0 2721.1002667 4716.36585477 0.0 
15.969 0.0 0.0 0.0 2721.1002667 4716.36585477 0.0 
16.003 0.0 0.0 0.0 2721.1002667 4716.36585477 0.0 
16.036 0.0 0.0 0.0 2721.1002667 4716.36585477 0.0 
16.07 0.0 0.0 0.0 2721.1002667 4716.36585477 0.0 
16.103 0.0 0.0 0.0 2721.1002667 4716.36585477 0.0 
16.136 0.0 0.0 0.0 2721.1002667 4716.36585477 0.0 
16.17 0.0 0.0 0.0 2721.1002667 4716.36585477 0.0 
16.203 0.0 0.0 0.0 2721.1002667 4716.36585477 0.0 
16.237 0.0 0.0 0.0 2721.1002667 4716.36585477 0.0 
16.27 0.0 0.0 0.0 2721.1002667 4716.36585477 0.0 
16.304 0.0 0.0 0.0 2721.1002667 4716.36585477 0.0 
16.337 0.0 0.0 0.0 2721.1002667 4716.36585477 0.0 
16.37 0.0 0.0 0.0 2721.1002667 4716.36585477 0.0 
16.404 0.0 0.0 0.0 2721.1002667 4716.36585477 0.0 
16.437 0.0 0.0 0.0 2721.1002667 4716.36585477 0.0 
16.471 0.0 0.0 0.0 2721.1002667 4716.36585477 0.0 
16.504 0.0 0.0 0.0 2721.1002667 4716.36585477 0.0 
16.538 0.0 0.0 0.0 2721.1002667 4716.36585477 0.0 
16.571 0.0 0.0 0.0 2721.1002667 4716.36585477 0.0 
16.604 0.0 0.0 0.0 2721.1002667 4716.36585477 0.0 
16.638 0.0 0.0 0.0 2721.1002667 4716.36585477 0.0 
16.671 0.0 0.0 0.0 2721.1002667 4716.36585477 0.0 
16.705 0.0 0.0 0.0 2721.1002667 4716.36585477 0.0 
16.738 0.0 0.0 0.0 2721.1002667 4716.36585477 0.0 
16.772 0.0 0.0 0.0 2721.1002667 4716.36585477 0.0 
16.805 0.0 0.0 0.0 2721.1002667 4716.36585477 0.0 
16.838 0.0 0.0 0.0 2721.1002667 4716.36585477 0.0 
16.872 0.0 0.0 0.0 2721.1002667 4716.36585477 0.0 
16.905 0.0 0.0 0.0 2721.1002667 4716.36585477 0.0 
16.939 0.0 0.0 0.0 2721.1002667 4716.36585477 0.0 
16.972 0.0 0.0 0.0 2721.1002667 4716.36585477 0.0 
17.006 0.0 0.0 0.0 2721.1002667 4716.36585477 0.0 
17.039 0.0 0.0 0.0 2721.1002667 4716.36585477 0.0 
17.072 0.0 0.0 0.0 2721.1002667 4716.36585477 0.0 
17.106 0.0 0.0 0.0 2721.1002667 4716.36585477 0.0 
17.139 0.0 0.0 0.0 2721.1002667 4716.36585477 0.0 
17.173 0.0 0.0 0.0 2721.1002667 4716.36585477 0.0 
17.206 0.0 0.0 0.0 2721.1002667 4716.36585477 0.0 
17.24 0.0 0.0 0.0 2721.1002667 4716.36585477 0.0 
17.273 0.0 0.0 0.0 2721.1002667 4716.36585477 0.0 
17.306 0.0 0.0 0.0 2721.1002667 4716.36585477 0.0 
17.34 0.0 0.0 0.0 2721.1002667 4716.36585477 0.0 
17.373 0.0 0.0 0.0 2721.1002667 4716.36585477 0.0 
17.407 0.0 0.0 0.0 2721.1002667 4716.36585477 0.0 
17.44 0.0 0.0 0.0 2721.1002667 4716.36585477 0.0 
17.474 0.0 0.0 0.0 2721.1002667 4716.36585477 0.0 
17.507 0.0 0.0 0.0 2721.1002667 4716.36585477 0.0 
17.54 0.0 0.0 0.0 2721.1002667 4716.36585477 0.0 
17.574 0.0 0.0 0.0 2721.1002667 4716.36585477 0.0 
